TCGA-86-7955-01A;TCGA-75-5146-01A;TCGA-44-7660-01A;TCGA-49-AARO-01A;TCGA-05-4395-01A;TCGA-95-A4VK-01A;TCGA-55-1594-01A;TCGA-78-7152-01A;TCGA-55-7727-01A;TCGA-78-7160-01A;TCGA-L4-A4E6-01A;TCGA-44-7672-01A;TCGA-97-7546-01A;TCGA-62-A471-01A;TCGA-86-8076-01A;TCGA-MP-A4TK-01A;TCGA-69-7760-01A;TCGA-44-7671-01A;TCGA-86-A4JF-01A;TCGA-75-5147-01A;TCGA-50-5066-01A;TCGA-55-7573-01A;TCGA-67-3773-01A;TCGA-44-A479-01A;TCGA-86-8358-01A;TCGA-91-6829-01A;TCGA-55-6975-01A;TCGA-75-6211-01A;TCGA-97-8174-01A;TCGA-55-A494-01A;TCGA-97-8179-01A;TCGA-91-8499-01A;TCGA-97-A4LX-01A;TCGA-86-8278-01A;TCGA-73-4675-01A;TCGA-86-8054-01A;TCGA-93-8067-01A;TCGA-L9-A443-01A;TCGA-49-6744-01A;TCGA-69-8255-01A;TCGA-05-4389-01A;TCGA-93-7348-01A;TCGA-86-8054-01A;TCGA-05-4422-01A;TCGA-62-8395-01A;TCGA-91-8496-01A;TCGA-69-8255-01A;TCGA-49-4487-01A;TCGA-91-6835-01A;TCGA-MP-A4TJ-01A;TCGA-69-8453-01A;TCGA-44-6146-01A;TCGA-50-5049-01A;TCGA-73-4670-01A;TCGA-MP-A4T4-01A;TCGA-64-5815-01A;TCGA-64-5781-01A;TCGA-78-7158-01A;TCGA-55-7913-01B;TCGA-55-6979-11A;TCGA-91-6831-11A;TCGA-44-6777-11A;TCGA-44-3396-11A;TCGA-49-6742-11A;TCGA-50-5931-11A;TCGA-44-6147-11A;TCGA-55-6969-11A;TCGA-49-6761-11A;TCGA-44-5645-11A;TCGA-91-6836-11A;TCGA-44-3398-11B;TCGA-55-6984-11A;TCGA-49-4490-11A;TCGA-49-6745-11A;TCGA-55-6971-11A;TCGA-44-2655-11A;TCGA-44-2665-11A;TCGA-73-4676-11A;TCGA-38-4625-11A;TCGA-55-6986-11A;TCGA-55-6983-11A;TCGA-49-4512-11A;TCGA-44-2661-11A;TCGA-38-4627-11A;TCGA-49-6743-11A;TCGA-44-6776-11A;TCGA-50-5936-11A;TCGA-91-6828-11A;TCGA-44-6146-11A;TCGA-44-6144-11A;TCGA-50-5930-11A;TCGA-50-5932-11A;TCGA-38-4626-11A;TCGA-50-5935-11A;TCGA-38-4632-11A;TCGA-91-6847-11A;TCGA-55-6975-11A;TCGA-50-5933-11A;TCGA-44-6778-11A;TCGA-91-6835-11A;TCGA-44-2657-11A;TCGA-50-5939-11A;TCGA-49-6744-11A;TCGA-55-6968-11A;TCGA-55-6985-11A;TCGA-50-6595-11A;TCGA-55-6982-11A;TCGA-44-6148-11A;TCGA-44-2662-11A;TCGA-91-6829-11A;TCGA-55-6981-11A;TCGA-55-6978-11A;TCGA-44-2668-11A;TCGA-55-6972-11A;TCGA-55-6980-11A;TCGA-55-6970-11A;TCGA-44-6145-11A;TCGA-91-6849-11A
11.103943429891558;11.505315356136236;10.519636252843211;10.583082767502932;11.42783660345852;10.436711542137214;10.879583249612784;9.930737337562888;7.247927513443585;9.554588851677638;10.37937836707126;11.3157156580222;10.461479447286155;10.787086324551616;10.83289001416474;10.850186837645774;10.53430288245463;11.00982861736811;11.019590728357882;11.519144787997414;10.584962500721156;10.189824558880018;10.16867211813223;10.130570562805426;9.638435913990472;10.199672344836364;9.324180546618742;9.923327485419192;10.705632387361415;11.38586240064146;9.544964432789238;10.985130373466898;10.709083812550343;11.57601187420678;11.75905593916017;10.18239435340453;10.147204924942228;10.462502272597265;10.109830654278792;10.18239435340453;11.382624026574916;11.272046524389935;10.18239435340453;11.852919585123995;11.144658242831882;11.065416134676548;10.18239435340453;9.768184324776929;9.823367240046236;10.239598529249124;10.44086916761087;10.762382038710392;10.61194694181998;11.651051691178928;10.197216693110052;9.859534786382651;11.121533517340032;10.83368074865474;11.398743691938192;9.581200581924955;9.116343961237469;10.266786540694902;11.312882955284357;10.492854620174748;10.217957697864112;9.958552715431011;10.030667136246942;10.187352073200495;11.034798962577268;9.853309555403674;11.24852060493843;11.519636252843211;11.009128789539256;11.29748950116098;9.987264012072538;11.75112558336727;11.552188759557149;10.352043425795433;11.714245517666123;11.609640474436812;9.61654884377899;10.839203788096944;11.118941072723509;11.61056350392504;10.337621901992508;9.80896417491926;10.00842862207058;10.232420927176076;9.884170519108435;10.527477006060396;9.915879378835774;9.689997971419446;11.4812949046311;10.14210705730255;10.125413470483316;10.303780748177102;9.873444112515376;9.828136484194108;10.1006623390052;10.31628153174622;10.85642552862553;9.918863237274596;9.705632387361415;10.34207466799914;10.63662462054365;11.12670447284319;9.73809225962049;10.746514321138465;11.244958393151132;10.205793249397155;9.700439718141093;10.224001674198105;11.01262453886506;9.951284714966972;9.936637939002573;9.344295907915816;10.072802534544207;10.048486873992337
10.217957697864112;6.20945336562895;8.39231742277876;7.774787059601174;8.554588851677638;8.388017285345136;9.59618975614441;7.076815597050831;7.839203788096944;7.787902559391432;6.339850002884624;8.96289600533726;7.426264754702098;9.344295907915816;7.679480099505446;7.906890595608519;7.199672344836364;8.027905996569885;9.355351096424812;8.603626344986193;5.906890595608519;6.672425341971495;5.0;8.577428828035748;11.147840893672337;7.86418614465428;7.636624620543649;9.571752643503546;7.05528243550119;7.554588851677638;8.144658242831882;8.321928094887362;9.113742166049189;8.980139577639157;7.584962500721156;9.64745842645492;10.62935662007961;7.312882955284356;7.693486957499325;10.167418145831736;8.867278739709661;6.954196310386875;9.64745842645492;8.550746785383243;7.475733430966398;5.20945336562895;10.167418145831736;8.693486957499324;8.409390936137703;7.554588851677638;7.813781191217037;6.491853096329675;7.936637939002571;9.594324603924848;9.118941072723509;5.954196310386875;8.184875342908283;8.011227255423254;9.799281621521924;4.954196310386875;3.169925001442312;5.954196310386875;6.569855608330948;6.20945336562895;4.087462841250339;6.918863237274595;6.189824558880018;5.285402218862249;6.3750394313469245;4.169925001442312;7.076815597050831;5.285402218862249;4.643856189774724;5.087462841250339;5.129283016944966;6.754887502163468;5.643856189774724;5.584962500721156;4.857980995127572;6.475733430966398;5.247927513443585;4.0;6.285402218862249;5.614709844115208;4.087462841250339;4.087462841250339;5.459431618637297;5.087462841250339;5.087462841250339;5.977279923499917;4.807354922057604;5.044394119358453;6.189824558880018;5.044394119358453;6.0;4.0;5.357552004618084;4.584962500721156;5.672425341971495;5.129283016944966;8.618385502258606;4.754887502163468;4.857980995127572;5.491853096329675;6.22881869049588;6.285402218862249;5.700439718141092;5.643856189774724;5.614709844115208;6.727920454563199;4.643856189774724;5.087462841250339;8.055282435501189;5.584962500721156;4.643856189774724;5.700439718141092;5.169925001442312;4.700439718141092
6.7414669864011465;8.873444112515376;6.507794640198696;7.643856189774724;7.491853096329675;7.994353436858858;8.31741261376487;7.459431618637297;8.451211111832329;9.49585502688717;10.364134655008051;8.936637939002571;10.95637615724967;5.906890595608519;9.63117705570398;8.988684686772165;7.312882955284356;9.405141463136344;7.546894459887636;9.868822554775;8.370687406807217;9.35974956032233;8.845490050944376;9.90388184573618;7.839203788096944;10.52845411076479;9.211888294546004;7.948367231584678;12.095067301607054;6.475733430966398;9.121533517340032;9.932214751968385;9.37937836707126;9.658211482751796;8.758223214726724;9.43879185257826;8.184875342908283;8.022367813028454;9.491853096329674;10.499845887083206;7.451211111832329;8.888743248898258;9.43879185257826;9.207014320177532;9.372865060112588;8.59245703726808;10.499845887083206;8.066089190457772;9.958552715431011;8.451211111832329;9.179909090014934;8.651051691178928;9.726218159332198;8.710806433699352;8.696967526234287;8.76487159073609;7.409390936137702;8.092757140919852;6.129283016944966;8.76487159073609;9.702172685365548;9.988684686772164;11.345959596404112;8.876516946565;9.366322214245816;9.974414589805528;9.709083812550343;9.247927513443583;9.847057346091336;8.971543553950772;11.061371192659813;9.899356922923111;9.467605550082997;8.693486957499324;9.60733031374961;11.044394119358454;10.828136484194108;9.509775004326936;9.932214751968385;10.50084187955693;8.129283016944967;9.61654884377899;10.700439718141093;11.270879295328784;10.443979542601252;8.703903573444663;10.328674927327947;9.13699111208023;10.088788238716909;9.571752643503546;8.936637939002571;9.99859042974533;9.381542951184583;8.927777962082342;9.211888294546004;8.113742166049189;9.519636252843211;10.44086916761087;10.251482410620213;9.899356922923111;9.154818109052105;10.565102078360312;10.264442600226602;8.558420713268664;11.14274527675153;10.513727595952435;9.69522829149575;10.965784284662089;10.581200581924955;8.861086905995395;9.388017285345136;9.25974326369078;10.214319120800766;9.13699111208023;9.08214904135387;9.91288933622996;8.954196310386875;9.08214904135387
10.278449458220482;10.303780748177102;10.78953364497036;9.7515440590891;11.74819284958946;9.457380879072534;10.914385132155443;9.787902559391432;9.4241662888181;9.900866807980748;10.052568050804153;10.95492329203032;10.930737337562888;10.740624044489412;10.661778097771988;9.810571634741146;10.30035256032822;10.68650052718322;10.205793249397155;11.974414589805528;10.43567026093655;10.29920801838728;11.191676146352428;9.93810932621924;9.813781191217036;10.027905996569883;9.308339030139408;9.276124405274238;11.390706372872774;10.1357092861044;10.264442600226602;10.82097669262124;10.821773981970567;11.101975670949232;10.922584402713664;11.376668061857668;11.366868586167094;9.90839262077375;10.63117705570398;11.274960472140602;11.702172685365548;9.842350343413807;11.376668061857668;11.950920352030098;9.722807531169549;10.755722153642282;11.274960472140602;8.751544059089099;10.40832974076739;9.906890595608518;10.571752643503546;10.178664851006472;10.541096615349524;13.4248223873518;10.702172685365548;9.756556322524087;11.732167425663384;10.768184324776929;12.205793249397155;9.044394119358454;8.353146825498083;9.445014845868425;10.947636937951827;9.417852514885896;8.442943495848729;10.13699111208023;9.098032082960527;8.321928094887362;9.84862294042934;8.761551232444479;10.197216693110052;10.130570562805426;9.426264754702098;9.497851836951115;8.876516946565;10.352043425795433;10.428360172704291;9.139551352398794;10.496853777388042;9.987264012072538;8.714245517666123;9.605479518061667;10.071462362556623;10.832098846039134;9.26209484537018;8.483815777264256;8.787902559391432;9.105908508571158;8.614709844115207;9.43879185257826;8.83605035505807;8.491853096329674;11.263269200372662;9.167418145831736;9.850186837645774;8.804131021183318;8.243173983472952;9.118941072723509;9.45532722030456;9.066089190457772;10.12023787734196;9.226412192788786;8.64745842645492;9.481799431665753;10.040289721025715;9.7431513941125;9.187352073200495;9.471675214392045;9.758223214726724;10.108524456778168;8.927777962082342;9.197216693110052;11.34207466799914;8.76487159073609;8.79766152585376;9.131856960608792;9.285402218862249;8.672425341971495
11.598517810612622;9.726218159332198;11.116343961237469;10.51175265376738;11.671541066711884;10.260919533662904;10.992938336165814;9.712527000439824;10.852529509404196;10.532355925288847;10.66622400280318;11.081483438093674;11.252074042796185;10.73893668167614;11.58261245126702;11.00842862207058;11.510269670898175;11.406205005418856;11.64565843240871;12.38424412224308;9.002815015607053;10.94982671075911;9.407267764244732;10.214319120800766;10.517669388133813;11.494355603532846;10.214319120800766;7.857980995127572;11.597121428789569;11.4757334309664;10.644757592516257;9.787902559391432;12.245255580306557;12.040632200562252;10.640244936222343;10.887220615468385;12.69283341500077;11.13699111208023;11.429929741353272;12.442165972229322;12.129926933510394;10.697836357962377;10.887220615468385;11.86418614465428;11.328674927327947;10.118941072723509;12.442165972229322;10.388017285345136;11.430452551665532;10.847057346091336;11.290594888082572;11.94288099715904;10.523561956057012;12.335669486946104;11.633449374713493;10.967226258835993;10.470658874060552;11.70433597118232;12.169298695792843;10.25974326369078;9.850186837645774;10.30149619498255;11.808562029957525;10.7047682393626;10.205793249397155;10.08746284125034;10.197216693110052;10.1357092861044;10.773963368433558;10.508785162064513;11.399277924508969;11.243173983472952;9.815383295813538;9.929258408636972;10.61378946447258;11.187352073200495;11.280770770130603;10.026523442519766;11.544964432789238;11.63026712502677;10.330916878114618;9.946906274456396;10.871905237659186;10.19598729802851;10.4189067312579;10.611024797307351;10.72451385311995;10.57553924683453;10.365228849251544;10.688250309133178;10.567956075415466;10.370687406807216;11.653740778706569;10.45532722030456;10.14338321398982;10.174925682500678;10.157346935362844;10.422064766172811;10.573647187493322;10.263269200372662;10.567005370247031;10.638435913990472;10.84313591111135;10.084808387804362;11.66622400280318;11.488844346457336;10.414685235807214;11.14274527675153;10.801708358916462;11.105253779700885;9.984418458801136;10.353146825498085;11.456354415108288;9.935165049603697;9.667111542075029;10.428360172704291;10.462502272597265;10.177419537989236
11.356451970221755;9.927777962082342;9.970105890612182;10.50084187955693;10.676838606474153;10.951284714966972;9.537218400538595;9.052568050804153;8.977279923499916;10.055282435501187;10.755722153642282;10.825753832883112;10.076815597050832;10.088788238716909;10.91139198784346;10.768184324776929;8.912889336229961;10.599912842187129;10.105908508571158;10.733015321685963;9.932214751968385;9.632995197142955;9.672425341971495;9.981567281903017;9.717676423066395;9.665335917185176;9.453270634010623;9.357552004618084;11.145295334933598;10.793603309279408;10.430452551665532;9.945443836377912;10.965784284662089;10.537218400538595;10.655530723155644;10.14974711950468;10.91288933622996;10.456354415108288;9.62935662007961;11.532355925288847;10.4797802640291;9.774787059601174;10.14974711950468;11.65150022065274;10.24555270625568;10.048486873992337;11.532355925288847;9.705632387361415;10.038918989292302;10.079484783826816;10.579315937580017;9.729620743553038;10.253847484987404;11.032734528586714;11.011227255423254;8.894817763307943;9.411510988012072;11.401412878714178;11.03823313473178;9.39660478118186;9.627533884472792;9.978710459106358;11.443461612227392;9.54882190845875;10.215532999745657;11.693051295397;10.169925001442312;10.285402218862249;11.263856019596082;9.807354922057604;11.437231901039478;11.207014320177532;10.572700226487292;10.494855584491198;10.338736382573916;11.60130652612184;11.278449458220482;10.161131882984307;11.25797705856398;11.651051691178928;9.428360172704291;9.335390354693924;11.014717929860009;10.906890595608518;10.276124405274238;10.211888294546004;9.86573327085176;10.371776644337924;10.266786540694902;10.51175265376738;10.091435386323608;9.94251450533924;11.50382573799575;9.871905237659186;9.611024797307351;10.074141462752506;9.726218159332198;10.064742764750257;10.737247343027738;9.878050912728536;10.567956075415466;10.10459875356437;10.00842862207058;10.328674927327947;10.959277505720502;11.593391122791736;10.328674927327947;10.693486957499324;11.247334178028728;10.38586240064146;10.032045726930807;10.129283016944967;11.567956075415466;10.706496018061188;10.306061689428342;10.071462362556623;10.617467465294196;10.658211482751796
5.614709844115208;7.409390936137702;9.162391328756906;8.614709844115207;6.569855608330948;8.539158811108031;7.294620748891627;6.569855608330948;6.599912842187128;9.94397991434374;7.78135971352466;8.94251450533924;8.134426320220927;10.19598729802851;8.88264304936184;8.233619676759702;8.357552004618084;8.0;6.569855608330948;9.667111542075029;8.870364719583405;8.118941072723507;7.442943495848728;8.543031820255237;7.400879436282184;8.710806433699352;8.076815597050832;7.400879436282184;10.234817431117325;6.189824558880018;8.011227255423254;9.952741247186488;8.290018846932618;7.936637939002571;7.977279923499917;10.378294855911893;7.977279923499917;7.651051691178928;8.632995197142957;9.019590728357882;8.011227255423254;8.361943773735241;10.378294855911893;10.50481898763284;8.554588851677638;6.820178962415188;9.019590728357882;8.618385502258606;9.366322214245816;8.94251450533924;8.149747119504681;7.689997971419445;9.179909090014934;8.915879378835774;8.754887502163468;8.154818109052105;7.066089190457772;7.149747119504682;8.214319120800766;7.392317422778761;8.238404739325079;8.370687406807217;9.96289600533726;8.686500527183219;8.08214904135387;8.098032082960527;7.285402218862249;7.108524456778169;9.558420713268664;8.011227255423254;9.507794640198696;9.189824558880018;9.016808287686557;8.96289600533726;7.686500527183218;10.127994320976391;8.76487159073609;9.13699111208023;9.403012023574997;10.804937672051908;6.977279923499917;7.960001932068081;9.187352073200495;9.147204924942228;8.194756854422248;8.224001674198105;8.823367240046235;8.72451385311995;8.308339030139408;7.94251450533924;7.774787059601174;8.03342300153745;9.002815015607053;8.303780748177102;6.794415866350106;8.280770770130603;7.651051691178928;8.03342300153745;8.550746785383243;9.428360172704291;8.930737337562887;8.665335917185176;9.364134655008051;7.851749041416057;9.49585502688717;9.62935662007961;8.968666793195208;9.820178962415188;9.306061689428342;7.622051819456376;8.005624549193879;8.442943495848729;7.076815597050831;8.124121311829187;8.016808287686555;8.271463027904375;7.714245517666122;8.848622940429339
12.394998514501673;11.774787059601174;11.79400964502097;11.806952328210736;12.192909219112012;12.037890085142507;12.393658591454772;11.011926066306808;10.344295907915816;11.722807531169549;12.12023787734196;12.587308728333545;12.044052531801302;12.212496385193948;11.944712061043486;11.480285320936373;12.246146774635864;12.394462694610317;12.285113188501493;12.794821973331224;10.535275376620802;11.399277924508969;11.4993476328766;11.224001674198105;10.382624026574916;11.606867837374152;10.693486957499324;10.889503963411476;13.178509245652185;12.136350341454156;12.715533063526584;10.473705749619416;13.30063855399372;13.16804526822409;13.231821178657404;11.508785162064513;12.62958430019385;11.715533063526584;11.921469060531413;14.028165078018167;13.072467608241858;11.95637615724967;11.508785162064513;13.057484118798897;12.20212382383046;11.204571144249204;14.028165078018167;10.183635381473218;12.068442416025826;11.62844554013718;12.018895621121649;11.703038388986418;11.199672344836364;13.822172461476178;11.442425193331609;11.556506054671928;10.83368074865474;12.010528105886484;13.423378576518491;11.088125692188209;10.409390936137704;11.544481522310791;12.783816759320182;11.71037597120447;11.489847960439295;11.723660944409984;11.556984957594462;11.40992124124968;12.269418929741096;11.376125389276174;12.485577770903188;12.454813348512523;11.188588845707349;11.350939181546432;11.60917873814198;12.697184783224516;12.929073435876813;11.16427843830117;12.646108641506103;12.65127597334664;11.20212382383046;10.727069558023706;12.296916206879288;11.768184324776929;11.64250302878052;11.443461612227392;11.637077657143664;11.538673953082668;11.262682142362165;11.828136484194108;11.543031820255235;11.229419688230417;12.730894646541673;11.348728154231075;11.163649676015824;11.57553924683453;11.127349541059118;11.696098170955864;11.508289986140348;11.51717725268954;12.2103669456326;11.618844301766652;11.43567026093655;11.532842910961282;12.255323690008137;12.475226777742266;11.326429487122304;12.041316915829444;12.52772134428452;11.677719641641009;11.180530807344482;11.304921669581672;12.691961564216788;11.42259043389256;11.121533517340032;11.177419537989236;11.571752643503546;11.38747886584238
11.616089313582115;10.7431513941125;12.243769031961852;11.374496145691516;11.679040186393062;10.699572453287267;11.752798758435516;10.709945380232496;8.727920454563199;10.30035256032822;11.506307581100309;12.119265383175788;10.117643101389092;11.256208688527389;11.505811553919594;11.423641195075856;10.31741261376487;11.6142497276894;11.982637133669424;11.767356854125683;11.12605911607068;10.14974711950468;11.231821178657404;10.909143047339898;11.390168956200185;10.48683502156305;9.807354922057604;10.945443836377912;11.326429487122304;11.742309436084;12.24198314969433;10.887220615468385;11.328674927327947;12.054265139625764;12.154185209265297;13.144020869266893;12.144976824050111;11.519144787997414;11.03960451795376;12.28106067167702;12.793603309279408;11.407798850221974;13.144020869266893;11.94617524072356;10.852529509404196;11.03342300153745;12.28106067167702;10.705632387361415;11.570330101030798;10.919608238603251;12.060695931687556;10.623881490013458;11.530893981193922;11.421012855779226;11.56081046872794;10.889503963411476;11.302638923787551;11.678600139099458;12.365502268193117;10.60917873814198;9.560332834212442;10.614709844115207;11.806952328210736;11.03342300153745;10.199672344836364;10.314016703901355;10.599912842187129;10.478769619475765;10.94617524072356;10.558420713268664;11.458406613236534;11.179909090014934;9.81698362325538;10.353146825498085;10.306061689428342;11.378836713210614;11.807757403589267;10.550746785383245;11.97333862080036;11.272046524389935;10.253847484987404;9.952741247186488;11.191676146352428;11.493355121494906;10.461479447286155;10.118941072723509;10.50481898763284;10.01262453886506;9.72451385311995;11.175549550636193;10.328674927327947;9.805743872151618;12.461990950585571;10.542064542283445;10.62844554013718;9.681238411777803;9.7632123668144;10.377210530388552;10.452241240430816;10.615629636968098;11.545929769085468;10.337621901992508;10.189824558880018;11.130570562805426;11.718104713121756;11.162391328756906;10.224001674198105;10.646558710154547;11.086136225027309;11.451726268074506;10.0566377151132;10.328674927327947;11.7553048882624;9.9901039638575;9.531381460516313;10.296916206879288;10.929258408636972;10.034798962577268
11.99929538702341;9.717676423066395;10.73893668167614;12.407267764244732;12.939762845071751;11.441388029346689;9.573647187493322;9.357552004618084;7.787902559391432;11.353146825498085;12.66222330531784;11.11178773580101;12.346513733165636;11.505315356136236;11.590587049915037;13.325305455089682;11.41574176829009;12.358925869154714;12.47826403158172;10.857980995127573;10.011227255423254;10.661778097771988;11.639792893279312;10.044394119358454;9.722807531169549;10.988684686772164;11.101319154423276;8.787902559391432;12.487840033823051;11.74104557700984;10.94178124227853;9.654636028527968;10.845490050944376;11.78053976747196;12.50382573799575;10.915879378835774;12.181462881270017;11.891403996665025;11.909143047339898;12.611255388699336;9.98584193700334;11.96000193206808;10.915879378835774;11.371776644337924;11.133784409179908;9.76983784362944;12.611255388699336;10.623881490013458;11.31797782240712;10.655530723155644;12.80634822671225;9.905387005018133;11.30890780406394;13.3009244909763;11.220982851081777;12.458919206967591;12.495105510007784;9.897845456005513;11.262682142362165;13.089781488353998;13.41758884038258;10.774787059601174;13.675846798363596;12.341240820538747;14.380055148544896;14.798421172228954;12.43149760425805;11.744413410557655;11.944346034137832;11.642954223480332;12.66644593881483;11.929628283024565;11.914758838941856;11.1705510353167;12.057314877782703;14.160265375794546;14.134506539022745;12.862637357558794;13.22836777783683;12.92184093707449;11.573173784686484;10.452241240430816;12.108197722535827;13.09984089900072;12.606405212697783;12.35397382181817;12.487840033823051;12.89519657256334;12.450953464712992;12.553149275598548;12.971184272404678;12.02271457304476;13.583200322609205;11.378836713210614;11.91737207947684;11.275542556086725;12.400612641082;15.265798155172575;13.976116567946908;10.466586337719244;11.925925264972856;13.216139556425135;11.11699367754698;10.4757334309664;13.62445278651674;12.702172685365548;10.323054760341646;12.00562454919388;15.285438343586272;10.193525360501216;12.239598529249124;11.843528534611089;13.25502856981873;10.822570830950168;10.286557761607956;11.51668494930961;13.622623840811512;13.134426320220928
14.48915805083155;12.396069557639867;12.800495500466813;11.818981539432444;12.86379910372885;12.32023644524165;13.565459136904616;11.89973454235751;12.34955768662052;12.808763116450413;12.59128857924609;12.953650833649307;12.989394499844732;11.99964773652837;12.86128080358871;12.511505595792482;12.003517912108602;13.41969688830598;12.416269744523207;12.785656801427193;11.699138625275914;12.30063855399372;11.774375272802065;12.3445733225962;13.252517607762288;12.581200581924955;11.954196310386877;12.732803394393494;14.185727198616211;12.98815209769054;12.659995892429976;11.677719641641009;12.99205319285264;13.705740369475974;13.506431561252567;13.48758884638603;13.733333154264642;12.511258495502268;12.8356556908398;13.118941072723509;13.156399144871584;12.312599378862627;13.48758884638603;13.43228089721416;13.506803437795648;11.672867276433792;13.118941072723509;11.801708358916462;12.932768392540918;11.805340828416384;12.429145170478744;12.92379171782687;12.493104892539137;13.311180660053354;12.802112418586066;12.114393054867309;11.174925682500678;12.774787059601174;13.473198383677529;11.826945650415484;11.677719641641009;12.322773176454564;13.81977993183848;12.393122273589531;12.186114239541643;12.985486199104637;12.162076570374312;11.955649907528374;12.806952328210736;12.246146774635864;13.429929741353272;13.234068951183083;12.261507309202056;11.965423565810127;12.537461094633018;13.380190466749834;13.248224089668474;12.084808387804362;13.151016538892248;13.584022940257542;12.076147528022505;12.240791332161956;12.96000193206808;12.64092273517345;12.340406490853294;12.39901083295199;12.575066464578656;12.46352437327118;12.512740462803498;12.557463701597824;12.607099094093552;12.434628227636724;13.223700075986306;12.624110035762987;11.85369942030022;12.253552062637464;11.863411958941638;12.70433597118232;12.43827205612483;12.489597122389307;12.544240006441658;12.47015043527436;12.746514321138465;11.923327485419192;13.14242620231898;13.460711852141213;12.459687756239548;13.183015000882756;12.869208250550829;12.639340708652233;11.798471801101618;12.3151495622563;13.606983470367512;12.048486873992337;11.83289001416474;12.21856323619027;12.428883552010191;12.194449079479025
13.15006457908147;9.930737337562888;11.655530723155644;10.699572453287267;11.375039431346924;11.076147528022505;13.593741249001656;10.13699111208023;10.507794640198696;10.977995368612962;10.977279923499916;11.698270577692032;11.605479518061667;9.906890595608518;11.388017285345136;10.69261550169458;9.946906274456396;11.067434360756522;10.854868383260236;11.7710767402628;9.509775004326936;10.799281621521924;10.363039630256514;11.37775279502222;10.881878707600446;11.314016703901355;10.355351096424812;10.816183681432342;12.029632328044135;11.158609688214478;11.541096615349524;11.022367813028454;11.671983272091865;11.840384550711669;10.782179193831208;11.447083226209651;11.34207466799914;10.679480099505446;10.810571634741146;11.146568675740786;11.469641817239516;11.289442575688332;11.447083226209651;11.661332752795186;11.14974711950468;10.65642486327778;11.146568675740786;10.00842862207058;11.849405100947758;10.369597346278676;10.750706986224948;10.34207466799914;10.732167425663384;11.86611979330307;10.909143047339898;10.73978060977326;10.076815597050832;11.150381968817848;11.726218159332198;10.468624042918018;10.433585441150496;10.509775004326936;12.07648160120702;10.834471049984222;10.560332834212442;11.40886043602476;10.515699838284045;10.319672120946995;11.335390354693924;10.679480099505446;11.68431031112435;11.639792893279312;10.422064766172811;10.375039431346924;11.002815015607052;11.98299357469431;11.52258153125483;9.975847968006784;11.233619676759702;12.026869205263395;10.459431618637296;10.076815597050832;11.32755264408124;10.474719946526482;10.821773981970567;11.019590728357882;11.175549550636193;10.872674880270605;11.018895621121649;10.809768128710411;10.85096815098244;10.871905237659186;11.321364432039449;10.823367240046236;9.94397991434374;10.568906154502084;10.368506461507693;11.25502856981873;11.353698209048035;10.709083812550343;10.667111542075029;11.1879705919842;11.355351096424812;10.12670447284319;11.674633661767269;11.923327485419192;10.8193807908646;11.603626344986193;11.12605911607068;10.752380646552892;10.566054038171092;10.651948610723446;11.490349505739289;10.547858506058416;10.205793249397155;10.851749041416058;10.59245703726808;10.73978060977326
11.835260918627489;10.08746284125034;11.642954223480332;10.987974524296153;11.583552930466483;10.953468962228849;11.876516946565;9.754887502163468;10.834471049984222;11.250298417906333;11.447083226209651;11.970465440779996;11.834075953434883;10.224001674198105;11.899356922923111;11.321928094887362;10.213104219641906;11.463013413449692;10.773963368433558;11.622509454683335;10.026523442519766;11.022367813028454;9.453270634010623;11.87305954766147;10.790348496751914;11.490850876740298;10.147204924942228;10.0;12.146568675740786;9.434628227636724;11.394462694610317;10.979425195331473;11.926666629347284;12.040289721025715;10.721099188707186;11.99859042974533;12.171802288682985;10.443979542601252;11.630722162103838;12.480285320936373;11.493355121494906;10.71853287606922;11.99859042974533;11.818582177480858;10.61378946447258;10.00562454919388;12.480285320936373;11.144658242831882;12.272921326867005;11.411510988012072;11.424691191512954;11.635264656539514;11.54061240824953;11.74777340052679;11.440350119200565;10.27029532647204;10.371776644337924;11.54882190845875;11.266786540694902;10.654636028527968;10.82097669262124;11.055960234452296;12.396337194231098;10.381542951184583;10.78053976747196;11.253847484987404;11.047123912114026;10.689997971419446;11.811374693509942;11.243173983472952;12.236313227042803;11.584022940257542;10.63662462054365;10.634811050171718;11.29117069932186;12.135388651579046;11.546894459887636;10.253847484987404;11.78749449969676;12.595024318613635;10.684748620421626;10.216745858195306;11.619761463298424;10.991521846075695;10.59245703726808;10.934428040626804;11.466586337719244;11.032045726930807;11.2246046815385;11.496853777388042;10.778077129535358;11.030667136246942;11.952377251967985;10.873444112515376;10.699572453287267;10.489847960439295;10.657318449581288;11.12088584278779;11.900866807980748;10.405141463136344;11.901244032467376;11.141468555393084;11.201511344500146;10.984418458801136;12.213711798105672;12.422853195944263;11.471675214392045;11.94397991434374;11.434106928609957;11.63662462054365;10.794415866350104;11.049848549450562;11.884933647949762;11.144020869266893;10.668884984266247;11.496853777388042;11.002111776479852;10.734709620225836
13.507299124122763;7.906890595608519;11.31741261376487;9.768184324776929;10.526499239136566;10.016808287686557;11.02167404285837;9.014020470314934;9.049848549450562;7.954196310386875;8.787902559391432;10.562242424221072;9.111135670234708;10.593391122791736;7.924812503605781;10.226412192788786;8.573647187493322;9.868822554775;10.375039431346924;10.86727873970966;8.693486957499324;7.257387842692652;6.832890014164741;9.177419537989236;11.461479447286155;9.566054038171092;9.22881869049588;10.15608307628868;10.756556322524087;9.884170519108435;10.717676423066395;11.365775635326267;9.7279204545632;10.183635381473218;11.516192477879368;12.134426320220928;11.360847084179664;9.30149619498255;8.491853096329674;10.975847968006784;11.428883552010191;8.326429487122303;12.134426320220928;10.344295907915816;10.025139562278508;7.845490050944375;10.975847968006784;11.186733289128869;9.914385132155443;8.787902559391432;9.172427508645482;7.592457037268081;9.355351096424812;11.023754353299417;10.24198314969433;8.499845887083206;10.08214904135387;9.240791332161956;11.61286849729104;8.370687406807217;6.247927513443585;7.988684686772165;9.174925682500678;8.885696373339394;8.011227255423254;9.116343961237469;8.499845887083206;8.071462362556623;9.038918989292302;7.475733430966398;8.951284714966972;9.139551352398794;8.353146825498083;7.98299357469431;8.285402218862249;8.985841937003341;8.665335917185176;7.845490050944375;8.103287808412022;8.558420713268664;7.936637939002571;7.86418614465428;8.558420713268664;8.622051819456376;6.965784284662087;7.622051819456376;7.700439718141092;7.451211111832329;7.826548487290915;8.912889336229961;7.78135971352466;7.78135971352466;8.622051819456376;7.820178962415188;8.174925682500678;8.108524456778168;7.832890014164741;7.839203788096944;7.546894459887636;7.876516946564999;9.047123912114026;8.044394119358454;7.348728154231077;8.366322214245816;8.266786540694902;8.918863237274595;7.599912842187128;8.344295907915816;9.092757140919852;8.665335917185176;7.60733031374961;8.060695931687555;9.550746785383245;8.092757140919852;7.851749041416057;7.679480099505446;8.164906926675688;7.622051819456376
13.652396861477678;10.880348808156027;10.754887502163468;12.022367813028454;12.442425193331609;12.507299124122763;11.65508344519798;10.386940245324311;10.90312867681232;10.934428040626804;11.321928094887362;12.206098613995795;11.744833837499543;11.07347215397646;11.342630298678408;11.567956075415466;10.967226258835993;12.410186320725094;11.660441650209172;12.485577770903188;10.80332391904149;11.243769031961852;10.466586337719244;11.020979938904212;11.222794902868111;11.243173983472952;11.4241662888181;10.410451351503994;12.37775279502222;11.930367747438952;12.876516946565;11.047123912114026;11.909893083770042;12.79400964502097;12.42940674151398;11.439830883981392;13.053925881531104;11.230620933129869;11.859922972861758;11.685624839726357;12.626849764469036;11.401946123976536;11.439830883981392;12.8668925276766;12.007728114632254;10.762382038710392;11.685624839726357;11.122180901259751;11.460455896309636;10.61654884377899;12.373680833411614;12.290882822429577;11.369052007001388;12.158925203806964;11.510269670898175;10.86573327085176;11.000704269011246;10.94397991434374;11.618844301766652;10.605479518061667;10.61194694181998;11.600377553107844;12.924626959905329;11.592924155627635;11.980853606379736;11.834471049984222;11.174925682500678;11.553629293916364;12.846665681899738;11.3437409184722;12.946540803893104;12.239896822445862;11.991521846075695;11.752798758435516;11.203348002979762;13.36468185586456;12.57530287507339;11.617008227651963;12.687375683437468;13.202736043250168;10.623881490013458;11.214319120800766;12.434628227636724;12.333155350310616;11.776433032444732;11.532355925288847;11.719816603018126;11.461990950585571;11.461990950585571;11.968666793195208;11.144658242831882;11.56081046872794;12.342630298678408;11.724940118462358;10.985130373466898;11.470658874060552;11.06406908038551;11.624795455860236;11.728345714710976;11.70865283568653;11.8668925276766;11.807354922057604;11.482303782323182;10.977995368612962;12.233919208586975;12.85584179604994;11.46096776257042;12.208843990734614;12.672646326124626;11.105253779700885;11.231821178657404;11.480790201095816;12.047123912114026;11.545447181678094;11.277287400130357;11.347067657165873;11.452241240430816;11.57790083688697
12.57790083688697;11.582141981658776;13.099676554859643;11.74188827273525;12.922584402713664;13.094407633081207;13.309049962515145;10.96289600533726;9.842350343413807;11.60733031374961;12.072132604167232;12.314583244274194;11.74188827273525;13.008078410868256;12.248224089668474;12.158294103604035;11.022367813028454;12.778487861222372;12.461990950585571;13.91429169033146;11.2836671674915;11.839203788096944;11.003517912108602;11.97333862080036;12.235415935602528;11.938844457466171;10.894059846274022;11.860311054919482;13.449922415863757;12.588714635582264;12.641374424294511;11.567956075415466;12.213711798105672;13.301067438218515;13.199825684374256;12.641374424294511;13.320095384861103;11.825753832883112;11.887982133058454;12.843724806299154;13.640809790793162;11.907266248531066;12.641374424294511;13.165221068220944;12.509527607423152;11.273212809854334;12.843724806299154;11.69479315499995;12.918676926815126;11.782588759494963;12.268249571994492;11.379649117760035;12.097702963524654;12.771283119641003;12.67661826358852;11.54978466794786;12.24852060493843;12.578844391558205;13.561884568572236;10.92035285541508;10.33427328530719;11.375582512490508;12.91214085629572;11.68255574108031;11.26209484537018;11.793603309279408;11.63117705570398;11.01262453886506;12.097044499322951;11.326429487122304;12.734497941692572;12.550025257465784;11.208843990734614;11.32755264408124;11.649705265471413;12.81317994301459;12.761343456100647;10.806549621985962;12.690652799348484;12.963076692298594;11.184875342908285;11.014020470314934;12.2246046815385;11.9683067944308;11.29174628083394;11.413627929024171;11.611024797307351;11.571752643503546;11.53818893205242;11.539643506238036;11.279030136449649;11.166163082646111;12.651724433108065;11.401412878714178;11.23840473932508;11.466586337719244;11.418379719364957;11.7515440590891;11.536247215688128;11.915879378835774;12.278449458220482;11.505811553919594;11.255618749839597;11.61056350392504;12.169298695792843;12.33147682185962;11.585901449690772;12.286846502735887;12.516192477879368;11.515699838284045;11.311180660053354;11.40886043602476;12.59269061535341;11.381002109550924;11.286557761607956;11.312882955284357;11.64745842645492;11.362491806046062
10.948367231584678;8.823367240046235;9.625708843064466;11.345959596404112;10.203348002979762;11.3066313617125;10.181152256865566;9.955649907528374;9.933690654952231;10.330916878114618;10.17367713630342;11.396069557639867;10.034798962577268;9.981567281903017;11.402479172214964;11.107217075591382;9.049848549450562;8.447083226209653;10.382624026574916;10.838416075797335;8.939579214314692;10.177419537989236;8.134426320220927;11.722380635163802;9.159871336778387;9.162391328756906;9.177419537989236;9.436711542137214;11.254438148267257;9.815383295813538;9.060695931687556;8.625708843064466;12.073806847178492;11.004220466318197;10.874212934830874;8.727920454563199;9.89178370321831;10.556506054671928;10.477758266443889;12.35974956032233;10.782998208920414;10.821773981970567;8.727920454563199;11.316847183602473;10.124121311829189;7.906890595608519;12.35974956032233;10.742309436084;11.8356556908398;11.80332391904149;10.54399845013454;7.710806433699352;10.617467465294196;9.357552004618084;11.669328004395904;9.211888294546004;9.731319031025064;8.243173983472952;9.961449694398196;8.848622940429339;8.339850002884624;8.804131021183318;10.44190670454224;7.839203788096944;7.523561956057013;9.390168956200185;9.306061689428342;8.005624549193879;8.897845456005511;8.707359132080883;9.674192268145683;8.643856189774725;7.888743248898259;7.426264754702098;8.459431618637296;9.184875342908285;9.273795599214264;7.734709620225838;8.189824558880018;9.970105890612182;8.774787059601174;8.016808287686555;9.252665432450248;8.800899899920305;7.562242424221073;7.870364719583405;8.640244936222345;8.204571144249204;8.550746785383243;9.098032082960527;7.960001932068081;7.686500527183218;8.839203788096944;8.31741261376487;8.29920801838728;7.312882955284356;8.651051691178928;8.957102041562287;9.556506054671928;9.044394119358454;11.407267764244732;7.918863237274595;7.554588851677638;10.025139562278508;9.705632387361415;10.08746284125034;9.92184093707449;9.079484783826816;9.562242424221072;8.103287808412022;8.539158811108031;8.823367240046235;9.684748620421626;9.041659151637214;8.703903573444663;9.78135971352466;8.90388184573618;7.569855608330948
6.044394119358453;3.584962500721156;6.658211482751795;5.643856189774724;6.108524456778169;5.247927513443585;4.754887502163468;5.129283016944966;4.906890595608519;5.554588851677638;5.672425341971495;6.3750394313469245;5.129283016944966;5.754887502163468;5.930737337562887;5.832890014164741;5.930737337562887;6.491853096329675;6.22881869049588;5.044394119358453;3.321928094887362;5.523561956057013;4.0;5.672425341971495;4.954196310386875;4.643856189774724;4.459431618637297;4.643856189774724;5.857980995127572;6.022367813028454;5.857980995127572;5.285402218862249;5.129283016944966;6.599912842187128;6.339850002884624;5.285402218862249;6.303780748177103;5.392317422778761;5.20945336562895;5.832890014164741;4.700439718141092;5.754887502163468;5.285402218862249;5.247927513443585;5.321928094887363;3.584962500721156;5.832890014164741;5.169925001442312;4.807354922057604;4.807354922057604;5.321928094887363;4.169925001442312;5.0;5.882643049361842;5.754887502163468;4.321928094887363;4.643856189774724;6.149747119504682;6.066089190457772;4.523561956057013;2.0;5.129283016944966;4.954196310386875;4.807354922057604;4.321928094887363;3.584962500721156;4.754887502163468;4.807354922057604;4.906890595608519;3.700439718141092;5.523561956057013;5.78135971352466;3.807354922057604;3.807354922057604;4.392317422778761;5.169925001442312;5.20945336562895;3.321928094887362;4.954196310386875;5.727920454563199;3.169925001442312;4.392317422778761;4.807354922057604;5.0;3.584962500721156;3.807354922057604;3.906890595608519;3.906890595608519;3.584962500721156;4.169925001442312;3.584962500721156;3.906890595608519;5.044394119358453;4.087462841250339;3.700439718141092;4.643856189774724;4.087462841250339;3.584962500721156;2.807354922057604;4.954196310386875;4.700439718141092;4.087462841250339;4.584962500721156;4.754887502163468;5.285402218862249;5.169925001442312;4.700439718141092;4.954196310386875;4.700439718141092;5.044394119358453;3.4594316186372973;4.459431618637297;5.247927513443585;3.700439718141092;4.392317422778761;4.459431618637297;4.247927513443585;3.807354922057604
12.03823313473178;9.442943495848729;12.331756712255473;10.253847484987404;12.613329054371054;9.483815777264256;11.448632567730552;7.636624620543649;8.672425341971495;10.015415052386688;10.46352437327118;10.530406337099068;9.68650052718322;10.658211482751796;10.490850876740298;10.00562454919388;10.216745858195306;11.047805554007589;9.221587121264806;10.191059214531656;9.820178962415188;9.14974711950468;7.523561956057013;10.411510988012072;8.897845456005511;11.217351905270334;10.816183681432342;10.306061689428342;11.066089190457772;7.348728154231077;10.109830654278792;10.654636028527968;10.687375683437468;9.682994583681683;8.861086905995395;11.003517912108602;9.909893083770042;8.413627929024173;9.91139198784346;12.905198945962804;11.125413470483316;10.264442600226602;11.003517912108602;12.002463438892535;9.090112419664289;7.60733031374961;12.905198945962804;9.52552080909507;10.61286849729104;10.072802534544207;10.79197682089869;11.48053778310184;10.733862719678545;11.001408194392807;10.169925001442312;9.116343961237469;10.63662462054365;8.442943495848729;11.690434556395054;9.823367240046236;10.105908508571158;9.674192268145683;11.834866038362016;9.74819284958946;9.91139198784346;10.210671343785622;9.731319031025064;10.00562454919388;10.98370619265935;9.845490050944376;11.539643506238036;11.559855041513623;10.308339030139408;9.995767150877802;10.31741261376487;11.757390009366638;11.423641195075856;9.422064766172811;9.927777962082342;11.690434556395054;9.381542951184583;9.594324603924848;11.38586240064146;10.271463027904376;10.395534135462302;9.923327485419192;10.625708843064466;10.049848549450562;10.187352073200495;10.320800548881635;9.719388820942084;10.247927513443583;9.571752643503546;10.69522829149575;9.328674927327947;10.17617314910749;9.722807531169549;10.20212382383046;10.852529509404196;10.605479518061667;10.310612781659527;10.970105890612182;10.375039431346924;9.08746284125034;11.208843990734614;11.269126679149418;10.779719355143405;11.045759661382682;10.91288933622996;9.499845887083206;10.380461065088973;9.987264012072538;9.965784284662089;9.961449694398196;9.807354922057604;10.709945380232496;9.961449694398196;10.358651200892886
13.716926609389034;9.78953364497036;12.308054559066637;14.239598529249124;14.8068013265491;12.449148645375436;8.758223214726724;10.89633240390994;13.727069558023706;12.3409627642517;11.814582465906277;14.212496385193948;13.405939193342396;12.98850717892317;13.013497154291704;12.64565843240871;8.174925682500678;12.677939816390142;9.527477006060396;12.993469161599249;12.985130373466898;12.627077840517394;12.610102062999664;7.994353436858858;11.057314877782703;13.52943055414615;11.671541066711884;9.469641817239516;13.275106015146113;6.954196310386875;9.86727873970966;11.590587049915037;16.32590270614705;14.45159749625839;16.625751643904277;12.140190703191836;13.756347825516588;11.658211482751796;12.101319154423276;12.66644593881483;11.631631805917635;13.130570562805426;12.140190703191836;8.066089190457772;9.321928094887362;14.06305796362349;12.66644593881483;9.177419537989236;13.130087867755735;11.452241240430816;12.85739789170129;13.636398048883835;11.037546953962178;14.212724353123772;15.829326335841666;10.679480099505446;12.61171646094388;11.679480099505446;11.094077685671904;11.735132884139947;10.680359523513712;11.919608238603251;12.81358080298963;13.176640671134011;11.381542951184583;12.25089053572334;11.889884170302828;11.661778097771988;12.165535141377925;12.393658591454772;13.136670762341843;13.356864581418872;11.945077995107816;11.112439506781552;12.486332252768664;13.17367713630342;12.442684367865834;10.854089179870574;12.85369942030022;12.861862340059153;12.250298417906333;12.580258567499788;12.127994320976391;10.975847968006784;12.00982861736811;12.570330101030798;12.412834440119273;12.21856323619027;12.400078902622012;11.972979786066292;11.894817763307945;11.81977993183848;12.101975670949232;12.105908508571158;11.160501747555688;11.81177605532666;12.49160260669611;13.068946179648783;11.727069558023706;13.05273784954982;11.99081307915361;12.1373113907009;12.119589620741122;11.629811944382231;12.855452509744048;12.741677644945858;12.158294103604035;12.647008638441648;11.825356341479337;10.8193807908646;11.564149489985732;11.413098984915264;12.720885503593724;11.15608307628868;12.00982861736811;11.657318449581288;11.687375683437468;11.240195053979924
12.65709510488839;13.44785810495403;13.385458001187969;13.571278618514595;14.24175975889037;14.622909766460204;12.573883830656468;13.36755126021612;12.2659080092311;13.85350450102128;12.731106854388033;14.194218205175453;13.36536556519961;12.241685287601625;13.335948565202298;15.395165917414438;13.95583150423588;14.16679075071818;13.341101799094083;11.4241662888181;10.105908508571158;13.54870151833552;12.530893981193922;12.673088192909365;9.94104760634058;13.092591987804122;13.279900715802762;12.67043495990244;15.276924064937944;14.416665599935456;12.32108251801004;9.271463027904376;13.466076461396252;14.83767720470164;15.260552052308643;17.29734619894672;15.7047682393626;13.77561028075954;13.323195531678138;13.198598511485049;14.424494375381926;12.778487861222372;17.29734619894672;12.996650019175894;13.985664079018662;12.014020470314934;13.198598511485049;10.413627929024171;11.368506461507693;12.666667840690357;13.245255580306557;13.48167331644727;13.28424574982967;14.271098222723555;13.925647155084594;13.08530646999156;13.84588203438406;14.670268970712716;15.073346624004872;11.98477446004684;12.978531719709377;13.773551346428505;14.51422090935813;14.156557153199971;13.879296060392983;14.10909606370718;12.964521373897238;14.065668567392636;14.53818893205242;12.66222330531784;14.241163880915709;14.484067622432198;12.843921051289035;13.181462881270017;13.24347153839633;14.760979775479091;12.979425195331473;12.553149275598548;12.924441392339196;15.216480632522918;12.31373335026382;12.522091068887065;14.102631888854969;13.588011853215088;12.994883741970837;13.20197072837312;13.687047562051522;13.117318426010003;13.173833263682058;14.544360769430126;13.15718901351485;13.78269113274609;13.074308741440255;14.310186726124348;11.062720767165043;13.560093957642495;12.149111990706889;13.109177703355275;13.416137768578286;13.745674324002136;12.95746484680521;13.595956743943162;13.00965369223411;12.644757592516257;13.40274562249569;14.607792641919213;13.593857938858225;13.550626555786868;14.271390074247517;13.340684654363438;12.264149339723328;13.468369487109523;13.49597990851814;13.38221871823094;12.616319096976865;13.213863652749346;13.617926556798752;13.930922097125269
11.030667136246942;8.554588851677638;11.834471049984222;9.957102041562289;10.927777962082342;10.18239435340453;11.671541066711884;9.411510988012072;9.7515440590891;10.929258408636972;9.61286849729104;10.634811050171718;10.624795455860236;10.873444112515376;10.355351096424812;10.080817527608328;10.025139562278508;11.332596057789214;10.96650545190574;10.853309555403674;8.977279923499916;9.705632387361415;9.014020470314934;10.473705749619416;11.403544678202014;11.4241662888181;9.91139198784346;11.002111776479852;10.266786540694902;10.676838606474153;11.454813348512523;11.539158811108033;10.725366257895642;10.97513145692134;10.064742764750257;12.183635381473218;11.684748620421626;9.987264012072538;10.098032082960527;11.70865283568653;10.992938336165814;10.044394119358454;12.183635381473218;10.049848549450562;10.099347810403192;8.20945336562895;11.70865283568653;10.94178124227853;11.289442575688332;9.430452551665532;9.67065624911844;8.581200581924957;9.603626344986193;11.585901449690772;10.60177078840771;9.079484783826816;10.052568050804153;10.95637615724967;11.782588759494963;8.39231742277876;7.977279923499917;8.442943495848729;10.352043425795433;8.88264304936184;8.179909090014934;10.026523442519766;8.665335917185176;7.515699838284043;8.519636252843213;8.483815777264256;9.44086916761087;8.741466986401146;8.087462841250339;7.426264754702098;8.60733031374961;9.247927513443583;9.79603960882977;7.994353436858858;9.002815015607053;8.933690654952233;8.566054038171092;7.546894459887636;9.398743691938192;8.861086905995395;8.487840033823051;7.651051691178928;8.531381460516313;8.366322214245816;8.523561956057012;8.581200581924957;8.400879436282183;8.214319120800766;9.909893083770042;8.734709620225837;8.90388184573618;7.139551352398794;8.174925682500678;9.005624549193879;9.172427508645482;8.43879185257826;9.310612781659527;8.658211482751796;8.727920454563199;8.558420713268664;9.483815777264256;9.35974956032233;8.573647187493322;8.906890595608518;8.851749041416058;9.3151495622563;8.20945336562895;8.312882955284355;10.5401280385821;7.761551232444479;7.562242424221073;8.710806433699352;9.290018846932618;7.906890595608519
12.499845887083206;10.804937672051908;12.917931444281608;11.105908508571158;11.224001674198105;11.91625269881221;12.042343379793692;10.29117069932186;10.910642730469624;11.786269627648466;11.11699367754698;11.360298426618046;11.532355925288847;10.62844554013718;11.954559846999834;11.287135186086704;10.98370619265935;11.957827560833744;11.116343961237469;11.52258153125483;9.330916878114618;11.400345796534694;9.674192268145683;11.822969090453288;11.41679752760606;12.024447124040648;11.072132604167232;10.698704666770343;12.362491806046062;12.34955768662052;11.714245517666123;10.978710459106358;11.92184093707449;12.34623669139025;11.617008227651963;12.362765744153958;11.9947069952581;10.954196310386877;11.379919817646538;12.449922415863757;11.393926675640415;11.23840473932508;12.362765744153958;12.328394438352458;11.542064542283445;9.207014320177532;12.449922415863757;10.63117705570398;12.11178773580101;11.240791332161956;11.129283016944967;11.270879295328784;11.029287226968243;11.768184324776929;11.436711542137214;10.530406337099068;10.28424574982967;11.605942439625368;12.07347215397646;10.66622400280318;10.642954223480332;10.485829308701904;12.064405961891042;10.821773981970567;10.667998535672528;10.521600439723729;10.683871868622605;10.51175265376738;11.270879295328784;10.62296694479051;11.84862294042934;11.619761463298424;9.824958740528524;10.167418145831736;11.019590728357882;12.020285500844649;11.539643506238036;9.776433032444732;11.022367813028454;12.29318423075951;10.729620743553038;9.535275376620802;11.424691191512954;10.26209484537018;10.67595703294175;11.015415052386688;11.348174867535556;11.192292814470768;11.23421867823847;10.932952892194717;10.470658874060552;10.875749351420056;11.036860446673046;10.99435343685886;9.977279923499916;10.582141981658776;10.721953612801386;11.399811959325683;11.46352437327118;11.055960234452296;10.810571634741146;11.18239435340453;11.342630298678408;10.294620748891628;11.961449694398196;12.050868963290736;11.286557761607956;11.797256217509783;11.183635381473218;10.64745842645492;10.69261550169458;10.818582177480858;11.124121311829189;10.589651146514786;10.367414751246828;11.249113452713727;10.543031820255235;10.81698362325538
10.247927513443583;8.861086905995395;11.47015043527436;11.125413470483316;12.157031074378354;10.470658874060552;9.569855608330949;9.505811553919594;11.506803437795648;9.243173983472952;9.73640193131829;11.165535141377925;11.127994320976391;9.324180546618742;10.283088353024002;12.626849764469036;9.734709620225836;9.868822554775;12.350386742312844;12.263269200372662;10.880348808156027;9.355351096424812;9.988684686772164;10.729620743553038;9.233619676759702;9.689997971419446;9.453270634010623;9.556506054671928;10.776433032444732;10.220378327695228;9.821773981970567;10.213104219641906;9.915879378835774;12.252369767926028;10.68650052718322;11.252074042796185;10.57459352733761;11.782179193831208;10.197216693110052;9.390168956200185;10.714245517666123;10.635718120331047;11.252074042796185;9.7515440590891;8.939579214314692;9.807354922057604;9.390168956200185;9.118941072723509;10.253847484987404;10.439830883981392;10.95492329203032;9.437752072323605;10.040289721025715;9.805743872151618;11.226412192788786;12.484067622432198;10.554588851677638;11.734709620225836;9.493855449240822;9.226412192788786;9.96000193206808;9.214319120800766;11.279610581052484;9.98584193700334;10.15608307628868;12.628217680223434;8.76487159073609;8.754887502163468;9.477758266443889;8.784634845557521;11.43827205612483;10.391243589427445;10.370687406807216;9.38586240064146;9.60733031374961;9.905387005018133;10.902375114486023;9.807354922057604;10.377210530388552;10.569855608330949;8.845490050944376;8.90388184573618;9.533329732305834;10.743992861060176;10.428360172704291;8.988684686772165;9.111135670234708;9.59618975614441;9.417852514885896;9.066089190457772;9.005624549193879;9.407267764244732;10.725366257895642;8.79766152585376;9.52943055414615;7.994353436858858;9.94397991434374;12.045759661382682;11.108524456778168;10.276124405274238;9.44086916761087;9.902375114486023;9.13699111208023;8.965784284662087;11.059344460824423;10.096715154488535;8.800899899920305;9.754887502163468;11.28828934218097;8.581200581924957;9.172427508645482;9.08746284125034;10.877284133523196;8.839203788096944;8.164906926675688;8.854868383260236;10.729620743553038;9.4241662888181
8.076815597050832;8.76487159073609;9.068778277985412;9.584962500721156;9.79766152585376;9.306061689428342;9.23840473932508;8.335390354693924;8.63662462054365;10.179909090014934;10.507794640198696;10.640244936222343;11.045759661382682;8.027905996569885;10.210671343785622;10.23840473932508;9.519636252843211;10.556506054671928;8.64745842645492;11.127349541059118;8.622051819456376;9.350939181546432;8.189824558880018;10.276124405274238;11.79603960882977;12.15069928874454;10.189824558880018;10.200898605038445;11.636171441635922;8.348728154231077;10.44604940671655;9.49585502688717;10.24555270625568;10.094077685671904;10.450180247164754;12.617008227651963;9.842350343413807;11.4757334309664;10.480790201095816;9.577428828035748;9.14974711950468;9.972979786066292;12.617008227651963;9.226412192788786;10.360847084179664;8.430452551665532;9.577428828035748;8.912889336229961;10.66622400280318;9.805743872151618;9.679480099505446;8.971543553950772;10.192292814470768;10.29920801838728;9.893301530860564;9.623881490013458;8.81698362325538;8.308339030139408;8.599912842187127;9.831307243802051;10.24436383512051;10.818582177480858;12.153552031708111;10.468624042918018;10.338736382573916;11.543515216152167;10.161131882984307;9.733015321685963;11.237807473723135;10.450180247164754;12.105908508571158;11.532355925288847;10.709945380232496;10.24555270625568;10.644757592516257;12.155766938445652;11.889503963411476;9.918863237274596;11.147840893672337;12.123798091251857;9.759888183221834;9.7714894695006;11.62844554013718;10.82097669262124;11.193525360501216;10.696098170955864;10.712527000439824;10.821773981970567;10.93810932621924;10.61654884377899;10.544964432789238;10.824163209744158;10.434628227636724;11.094737505048093;9.118941072723509;10.208234358339787;10.0566377151132;10.909893083770042;11.40832974076739;10.759888183221834;10.207014320177532;11.30435132166324;11.3701424794954;9.487840033823051;11.35424938194524;12.072802534544207;10.801708358916462;11.610102062999664;11.26502894245816;9.847057346091336;10.71681946132995;10.407267764244732;11.007027266893967;10.581200581924955;10.252665432450248;10.814582465906277;10.729620743553038;10.93147623388679
12.91288933622996;9.754887502163468;13.294189943620657;9.54882190845875;10.639340708652233;10.314016703901355;10.15608307628868;8.562242424221072;9.35974956032233;9.845490050944376;10.371776644337924;10.178664851006472;11.2940463132715;9.057991722759176;10.992938336165814;9.857980995127573;9.823367240046236;10.93737382019215;10.99081307915361;12.125413470483316;8.353146825498083;11.48683502156305;7.727920454563199;10.935165049603697;10.843921051289035;11.54061240824953;9.60177078840771;10.851749041416058;11.64745842645492;10.124121311829189;10.69522829149575;10.61654884377899;9.968666793195208;13.16317792440416;10.071462362556623;10.447083226209651;11.217351905270334;9.710806433699352;11.5401280385821;11.013322673425447;10.127994320976391;10.641148597411233;10.447083226209651;10.67065624911844;9.7279204545632;10.287712379549449;11.013322673425447;10.032045726930807;10.702172685365548;10.264442600226602;10.347621368568134;8.938109326219239;10.526499239136566;10.14338321398982;9.541096615349524;8.400879436282183;8.988684686772165;9.799281621521924;10.22881869049588;9.7515440590891;11.076147528022505;10.59898297103609;12.964882318367694;11.24198314969433;10.764042217306589;9.99717948093762;10.42940674151398;11.19537220740274;11.556506054671928;10.400879436282183;11.016111838220512;10.324180546618742;11.452241240430816;10.090112419664289;10.380461065088973;11.619302955415687;11.952013164889486;10.113742166049189;11.758223214726724;11.930367747438952;9.99435343685886;9.710806433699352;11.524541715035848;10.923327485419192;11.967226258835993;11.03823313473178;9.744833837499543;11.664447284547972;10.214319120800766;11.581200581924955;10.595257481449035;10.752380646552892;11.488844346457336;11.183015000882756;10.263269200372662;9.86727873970966;10.30149619498255;11.391780606013166;11.074141462752506;10.380461065088973;10.849405100947758;11.844705764411938;11.807757403589267;10.004220466318197;11.653292945382814;12.681897226786235;10.231221180711186;10.871135184243045;11.820178962415188;10.144658242831882;10.153552031708111;10.296916206879288;10.923327485419192;11.214926187942435;9.280770770130603;11.047805554007589;11.56652978262417;12.140829770773
11.665780028329484;10.17367713630342;11.756973226165448;10.335390354693924;11.250298417906333;11.683433292835405;10.717676423066395;10.151016538892248;10.4189067312579;11.619761463298424;11.02997734658958;11.502831804066744;12.26766453750112;10.041659151637214;11.875749351420056;11.624338545312986;10.236014191900084;12.440609666748422;11.118941072723509;11.356451970221755;8.562242424221072;11.319672120946995;8.81698362325538;11.381002109550924;10.62662165235837;11.788718332690458;10.222794902868111;10.853309555403674;14.485766428363634;10.804937672051908;11.406736482691723;9.854868383260236;11.184875342908285;12.899168076134323;11.89519657256334;10.839203788096944;11.518161355756956;10.363039630256514;12.108197722535827;10.99435343685886;10.95637615724967;11.06406908038551;10.839203788096944;12.003869231979056;11.38316426063511;9.264442600226602;10.99435343685886;10.459431618637296;11.737669863177452;10.776433032444732;11.482807956726669;12.03342300153745;10.721099188707186;10.76155123244448;11.265615046484458;10.4797802640291;9.214319120800766;11.295768934420508;10.897845456005513;11.00842862207058;10.964340867792416;10.971543553950772;13.627305880514848;11.590119174107176;11.648357582009666;12.750288267591651;10.967226258835993;11.172427508645482;11.60733031374961;10.992230264965889;12.40381093178603;12.077149515589731;10.757390009366638;10.437752072323605;11.370687406807216;12.576484346796851;12.811976694370289;11.734709620225836;11.926666629347284;12.886649213371976;10.95637615724967;10.564149489985732;11.905010862390297;11.177419537989236;10.94104760634058;12.16804526822409;11.62935662007961;11.71896091198421;11.674192268145683;11.791162888555018;11.92072501975118;11.81698362325538;11.536247215688128;11.728770849542665;10.41256984680521;11.40992124124968;10.953468962228849;12.494355603532846;11.366322214245816;11.567480801143043;11.076815597050832;11.749869427396844;12.907454038318624;10.400879436282183;11.992230264965889;12.58261245126702;11.564625862795372;12.60246690183057;12.611255388699336;10.82097669262124;10.900112062977456;11.519144787997414;12.102631888854969;10.968666793195208;11.034111146096592;11.604553229079038;11.69522829149575;11.90275194485016
10.880348808156027;9.243173983472952;11.24198314969433;9.560332834212442;11.197830998012195;9.599912842187129;11.369597346278676;9.330916878114618;9.868822554775;10.43254190038826;9.821773981970567;10.366322214245816;11.000704269011246;9.96000193206808;10.603626344986193;10.296916206879288;10.383704292474052;10.893301530860564;10.094077685671904;11.118941072723509;9.152284842306582;10.179909090014934;9.08746284125034;9.842350343413807;10.12023787734196;11.448116305409464;9.94982671075911;9.436711542137214;11.594791118089264;10.15608307628868;10.145932145820517;10.260919533662904;10.83368074865474;10.90312867681232;9.80896417491926;10.985130373466898;11.683433292835405;9.7632123668144;10.88340698638837;10.328674927327947;10.916625922211235;9.933690654952231;10.985130373466898;10.979425195331473;9.485829308701904;9.052568050804153;10.328674927327947;9.689997971419446;10.99506046703272;9.552669097514272;10.08214904135387;10.63662462054365;10.203348002979762;10.906890595608518;10.493855449240822;10.279610581052484;9.847057346091336;10.183635381473218;11.5473765634981;9.73640193131829;9.971543553950772;9.842350343413807;11.49235394515987;9.939579214314692;9.98299357469431;10.698704666770343;9.74819284958946;9.39231742277876;10.471675214392045;10.027905996569883;11.109177703355275;11.094077685671904;9.91139198784346;9.734709620225836;10.31174831500496;11.36139553316589;10.855647166027266;9.543031820255235;10.799281621521924;11.588246152044816;9.853309555403674;9.64745842645492;10.7657004876511;10.179909090014934;10.366322214245816;10.383704292474052;10.719388820942084;10.514714054138487;10.43879185257826;10.198445041452365;9.992938336165814;10.295768934420508;10.591522346570734;10.30149619498255;9.39660478118186;9.91737207947684;9.820178962415188;10.286557761607956;10.7714894695006;9.971543553950772;10.070120944476823;10.651051691178928;10.658211482751796;9.493855449240822;11.208843990734614;11.312315746690109;10.264442600226602;10.980853606379736;10.52943055414615;10.052568050804153;9.902375114486023;10.116343961237469;10.620219825507489;10.051208940914766;9.67595703294175;10.304921669581672;9.78953364497036;10.06339508128851
10.249113452713727;9.405141463136344;8.930737337562887;9.027905996569883;10.83605035505807;9.729620743553038;9.487840033823051;8.94251450533924;9.328674927327947;9.786269627648466;9.992938336165814;10.029287226968243;10.642051692927977;8.658211482751796;10.44086916761087;9.571752643503546;10.234817431117325;10.703903573444665;9.878050912728536;10.685624839726357;9.4241662888181;9.936637939002573;9.65642486327778;9.815383295813538;9.709083812550343;9.741466986401146;8.531381460516313;9.047123912114026;11.330356716957944;9.43879185257826;10.129283016944967;9.216745858195306;10.497851836951115;11.324743110494415;10.309476353841106;10.828929827651486;10.139551352398794;9.355351096424812;9.851749041416058;10.332036548361652;10.177419537989236;9.451211111832327;10.828929827651486;10.91139198784346;10.370687406807216;10.161131882984307;10.332036548361652;8.339850002884624;10.569855608330949;9.625708843064466;9.868822554775;9.746514321138465;9.845490050944376;10.480790201095816;9.280770770130603;9.269126679149418;9.005624549193879;10.722807531169549;9.643856189774723;9.434628227636724;9.731319031025064;9.52552080909507;11.0566377151132;9.642051692927977;9.69522829149575;10.357552004618084;9.614709844115207;9.131856960608792;10.086136225027309;9.76487159073609;10.659995892429976;10.71853287606922;10.007027266893967;10.107217075591382;10.157346935362844;10.846273911349906;10.507794640198696;9.413627929024171;10.62844554013718;11.163649676015824;9.501837184902296;9.473705749619416;10.250298417906333;10.462502272597265;9.9901039638575;9.958552715431011;10.17617314910749;10.27262978497637;10.064742764750257;9.981567281903017;9.651051691178928;9.915879378835774;10.643856189774723;9.888743248898258;9.719388820942084;9.541096615349524;9.594324603924848;10.25974326369078;10.370687406807216;9.851749041416058;9.733015321685963;10.178664851006472;10.3409627642517;9.226412192788786;10.733015321685963;10.98655314975666;10.041659151637214;10.64745842645492;9.98584193700334;9.834471049984222;9.539158811108033;9.78135971352466;10.281930026955443;9.533329732305834;9.407267764244732;10.066089190457772;9.68650052718322;9.79603960882977
13.327131562682846;9.57553924683453;12.279030136449649;12.365502268193117;9.98299357469431;11.939946452458686;12.330916878114618;9.859534786382651;10.014020470314934;11.002111776479852;11.67065624911844;11.757390009366638;11.828533210455618;11.458919206967591;11.914011328541257;12.25974326369078;10.368506461507693;12.389093521904474;11.559855041513623;11.41256984680521;9.326429487122304;11.567956075415466;9.700439718141093;12.17367713630342;10.900112062977456;11.697402007502708;10.69261550169458;11.213104219641906;13.232720707964871;12.029287226968243;12.916625922211235;12.283956487665112;12.580494128777294;12.660664477461278;11.530406337099068;12.349281228817452;12.596422730717526;11.369052007001388;11.578844391558205;12.094737505048093;11.375039431346924;11.489847960439295;12.349281228817452;11.641148597411233;12.50481898763284;10.263269200372662;12.094737505048093;11.237209960755022;12.76487159073609;11.56843119316746;11.24555270625568;10.71681946132995;11.714674827308002;11.849405100947758;12.360298426618046;10.801708358916462;10.403012023574997;11.92072501975118;13.134586753364363;10.480790201095816;10.59898297103609;10.91214085629572;12.725153203912992;10.69522829149575;10.535275376620802;11.06204613772049;11.109830654278792;10.798471801101618;11.972620862058744;10.839991070539886;12.14242620231898;11.214319120800766;10.158609688214478;10.398743691938192;10.991521846075695;12.693922488081014;12.414949441474263;10.499845887083206;11.337621901992508;12.581671358578143;9.952741247186488;9.38586240064146;11.914011328541257;10.721953612801386;10.80332391904149;11.51717725268954;11.083479327331842;10.926295994781112;11.441388029346689;11.887982133058454;11.059344460824423;11.269126679149418;10.91513244895065;11.461990950585571;9.719388820942084;10.651948610723446;10.445014845868425;10.710806433699352;11.649256177517314;11.2836671674915;11.4893462407191;11.433585441150496;11.530406337099068;10.723660944409984;12.069449767427784;12.561287945164828;11.525031345124;11.880731435141664;11.889123656294238;10.654636028527968;11.325867580575418;11.058668250340572;11.228217442293436;11.60177078840771;11.042343379793692;11.34318571544788;10.749031382040204;11.281930026955443
11.872674880270605;9.794415866350104;11.416269744523207;12.63594479878872;12.185185166820329;12.60917873814198;11.111135670234708;10.693486957499324;10.019590728357882;12.279320387942608;12.554828641429854;12.592223421359405;12.61654884377899;12.409390936137704;12.639114563179414;12.665113810335244;11.637983303777853;13.920445905499983;12.211888294546004;13.944712061043486;11.693922488081014;10.162391328756906;12.27029532647204;10.974414589805528;12.212800334429431;12.391780606013166;11.99081307915361;9.918863237274596;14.553209286623323;11.847448903982432;11.062720767165043;11.13827180017222;11.939579214314692;13.359612311115082;13.426657877473293;13.970465440779996;14.04899765291107;12.541338657970826;12.334552633752422;11.978710459106358;13.341518823245243;13.187352073200495;13.970465440779996;12.935901682267588;12.7255792804196;11.658211482751796;11.978710459106358;11.649256177517314;13.161131882984307;12.549544038301589;13.70628015884916;12.654636028527968;11.984418458801136;14.004308261543592;11.971902746045467;12.751334836401345;12.443979542601252;9.933690654952231;12.341240820538747;12.723234300893376;12.977816540594027;12.217048913556338;14.285402218862249;13.448116305409464;13.090939415984376;15.242913572562475;11.869208250550829;11.527477006060396;11.210671343785622;11.940680648424092;13.467987569161329;13.056299014550335;12.663335723478353;11.98370619265935;11.952741247186488;12.880731435141664;13.939946452458686;12.456354415108288;13.71177450496535;13.085140461701762;11.938844457466171;10.754887502163468;12.80996904717615;13.303067213842914;14.176874375344823;12.107870914279614;12.312599378862627;13.45211251457386;12.56271942704932;12.19075064966236;12.26209484537018;12.255618749839597;14.371572474933018;11.960364008877834;12.324180546618742;11.055282435501187;12.43905168059173;14.755826451133084;14.173989374166537;12.483815777264256;13.047805554007589;13.481547190203289;11.88760142450871;11.65284497300198;13.922770209274663;12.137951734715358;11.386940245324311;12.0003521774803;15.259596162488425;12.368233611380942;11.971902746045467;11.373952655370193;14.291026768056126;11.325867580575418;10.382624026574916;12.445014845868425;14.29117069932186;12.96108788999733
8.682994583681683;9.744833837499543;11.127994320976391;10.892542816648552;11.272046524389935;10.481799431665753;10.458406613236534;10.103287808412022;9.357552004618084;10.673309075561695;11.815783544128184;11.57459352733761;10.901621158346112;10.233619676759702;11.394998514501673;10.76983784362944;9.224001674198105;10.650154213675094;10.452241240430816;11.215532999745657;9.487840033823051;10.642954223480332;9.758223214726724;10.651051691178928;9.50382573799575;10.433585441150496;8.939579214314692;10.151016538892248;11.450180247164754;9.78463484555752;10.553629293916364;9.14974711950468;11.769011321097016;11.353146825498085;10.806549621985962;9.523561956057012;10.427312844134963;10.794415866350104;11.12347479824414;11.113742166049189;11.025831668332026;10.476746203939468;9.523561956057012;11.450695771572915;10.31741261376487;10.055282435501187;11.113742166049189;10.247927513443583;11.795633844506778;10.951284714966972;11.664447284547972;10.55026580686874;11.360847084179664;10.841564347730577;11.154185209265297;10.122827994807666;10.075479149488016;10.590587049915037;10.944712061043486;10.766528908598865;9.815383295813538;10.93147623388679;12.389900172773064;10.74819284958946;10.543031820255235;11.184255495405347;10.681238411777803;10.22881869049588;11.41256984680521;10.879583249612784;12.037890085142507;11.488844346457336;10.41256984680521;10.14210705730255;10.967226258835993;11.91737207947684;11.850577547205614;10.468624042918018;12.04507705193494;11.962173031109709;10.578372691360803;10.473705749619416;11.74104557700984;11.080151309614088;10.595257481449035;10.398743691938192;10.88340698638837;10.53818893205242;10.759888183221834;11.145295334933598;11.032734528586714;10.582141981658776;12.1373113907009;10.773963368433558;10.400879436282183;10.269126679149418;9.98584193700334;11.04507705193494;11.113742166049189;10.91139198784346;11.80292019858527;10.73893668167614;10.758223214726724;11.020285500844649;11.62113611327464;11.879200317947392;11.07815080773465;11.469133019829592;11.627989784315703;11.778487861222372;10.448116305409464;10.620219825507489;12.491352073563435;10.589651146514786;10.477758266443889;10.668884984266247;10.970824901362615;10.386940245324311
2.807354922057604;0.0;4.906890595608519;5.321928094887363;1.0;3.584962500721156;4.754887502163468;1.584962500721156;1.584962500721156;2.0;3.169925001442312;2.584962500721156;2.0;7.129283016944966;3.169925001442312;6.321928094887363;3.169925001442312;1.0;4.087462841250339;2.584962500721156;2.0;2.0;0.0;4.754887502163468;5.459431618637297;0.0;3.584962500721156;1.584962500721156;2.0;3.321928094887362;0.0;2.584962500721156;4.169925001442312;4.247927513443585;3.169925001442312;1.0;3.807354922057604;3.4594316186372973;3.584962500721156;5.0;2.321928094887362;4.857980995127572;1.0;5.954196310386875;1.584962500721156;1.584962500721156;5.0;3.0;1.0;3.584962500721156;6.614709844115208;3.4594316186372973;3.584962500721156;1.0;5.906890595608519;2.584962500721156;2.584962500721156;1.0;5.554588851677638;2.0;0.0;0.0;2.584962500721156;0.0;1.0;4.169925001442312;2.321928094887362;0.0;1.0;1.0;1.584962500721156;3.906890595608519;1.584962500721156;1.584962500721156;1.0;1.0;1.0;0.0;1.0;3.700439718141092;1.584962500721156;0.0;1.0;0.0;1.584962500721156;1.0;1.0;2.0;0.0;1.0;0.0;0.0;1.0;1.0;0.0;0.0;1.0;4.0;3.807354922057604;2.807354922057604;0.0;0.0;2.0;2.0;2.0;0.0;1.584962500721156;2.0;0.0;1.0;1.0;1.0;2.0;3.321928094887362;2.321928094887362;1.584962500721156;2.321928094887362;1.0
12.657765035265363;11.24198314969433;12.171802288682985;11.729620743553038;13.3445733225962;11.690871009292314;11.899356922923111;11.762382038710392;9.717676423066395;11.458406613236534;12.161446847518008;12.810973220002165;11.551227603598289;12.74965996169181;12.932030157887027;12.226111098132389;11.989394499844732;12.496354488564617;12.839597483021176;12.391512122707118;11.273212809854334;11.615169813843602;11.551227603598289;11.29117069932186;11.323054760341646;11.61240779313867;11.202736043250168;11.204571144249204;12.63367640989232;11.786678033890652;12.013322673425447;11.870364719583405;12.373408960228696;13.332596057789214;12.77540451950398;12.974952273534052;12.714674827308002;12.044052531801302;11.942147920394849;13.585901449690772;12.7714894695006;11.673750739438065;12.974952273534052;12.386670859637618;12.424428764037762;11.373408960228696;13.585901449690772;11.810571634741146;11.87843414955929;11.586370695113963;12.360298426618046;11.668220198888896;11.935165049603697;13.313591652572708;12.13024878405069;12.305491792110685;12.501339618061396;12.55026580686874;12.800090987624994;11.128638812852598;10.01262453886506;11.474212937193943;12.557942286787448;11.746094383705463;11.395534135462302;11.68650052718322;11.541096615349524;11.34207466799914;12.13699111208023;11.204571144249204;12.570567288872004;12.47294463377961;11.189824558880018;11.358651200892886;11.51175265376738;12.728983369988049;12.84764464308332;11.106562940444883;12.75676478940414;12.659326997414103;11.108524456778168;11.032045726930807;12.282219695672588;12.144020869266893;11.35149140932002;11.10459875356437;11.430975172588068;11.439311461818846;11.158609688214478;11.810973220002165;11.23661220021575;10.935165049603697;12.919608238603251;11.29117069932186;11.371776644337924;11.356451970221755;11.070791809423062;11.481799431665753;11.350386742312844;11.5401280385821;12.278159031437236;11.341518823245243;10.987974524296153;11.65687172561398;12.085804380278086;12.29232163280204;11.363587246524578;11.957827560833744;12.42600261332936;11.752798758435516;11.151650829973422;11.207624468226758;12.638888382252262;11.220982851081777;11.11309098344238;10.997885127829113;11.571278618514595;11.251482410620213
7.392317422778761;8.977279923499916;10.697836357962377;8.252665432450248;7.507794640198696;12.026523442519766;9.905387005018133;8.294620748891628;6.285402218862249;9.194756854422248;9.642051692927977;10.50481898763284;8.98299357469431;8.581200581924957;9.78953364497036;10.910642730469624;8.696967526234287;10.874212934830874;10.872674880270605;10.186114239541643;8.149747119504681;8.727920454563199;9.13699111208023;9.85642552862553;10.309476353841106;7.321928094887363;6.614709844115208;8.348728154231077;10.263269200372662;10.767356854125683;10.177419537989236;9.813781191217036;9.445014845868425;9.29232163280204;11.669328004395904;10.866506212226202;8.238404739325079;10.764042217306589;8.491853096329674;7.60733031374961;11.399277924508969;9.611024797307351;10.866506212226202;11.434628227636724;10.225207436943505;8.991521846075695;7.60733031374961;7.98299357469431;8.266786540694902;8.375039431346925;8.74819284958946;7.285402218862249;9.564149489985732;9.99717948093762;9.025139562278508;9.902375114486023;9.350939181546432;8.876516946565;12.14306428063141;7.679480099505446;7.857980995127572;7.118941072723508;9.73809225962049;8.74819284958946;9.857980995127573;8.507794640198696;8.348728154231077;8.405141463136344;9.1006623390052;7.577428828035749;9.995767150877802;8.459431618637296;9.204571144249204;8.543031820255237;9.321928094887362;9.207014320177532;10.01262453886506;9.105908508571158;9.661778097771988;10.355351096424812;8.46352437327118;6.7414669864011465;7.918863237274595;9.290018846932618;7.515699838284043;7.219168520462161;6.658211482751795;8.29920801838728;8.060695931687555;9.436711542137214;9.207014320177532;7.665335917185176;10.038918989292302;8.179909090014934;8.618385502258606;8.933690654952233;7.78135971352466;10.302638923787551;8.491853096329674;8.546894459887637;8.071462362556623;8.154818109052105;7.366322214245816;8.618385502258606;9.419960177847887;9.717676423066395;7.870364719583405;9.840777923595054;8.238404739325079;8.238404739325079;8.31741261376487;9.271463027904376;8.89178370321831;7.409390936137702;7.839203788096944;7.076815597050831;9.240791332161956;8.807354922057604
13.3009244909763;11.347621368568134;12.198751965193736;11.980139577639155;12.401146182153498;12.57104154760109;12.073137383110383;11.324743110494415;11.700873155140265;11.62662165235837;12.093087390444218;12.15069928874454;12.360024019571876;12.183015000882756;12.768391118304248;12.568906154502084;12.239001757765582;12.716176405807428;11.895575282380683;12.90143260772951;11.266786540694902;11.655530723155644;11.46096776257042;11.801304186049023;11.85369942030022;12.235415935602528;10.996473488733228;11.390706372872774;13.086467993464067;12.381542951184583;12.2103669456326;11.73978060977326;12.332316330199218;12.7657004876511;12.808159772868375;12.766528908598865;13.279900715802762;12.286846502735887;12.085140461701762;13.483185971936717;12.45917543555203;11.76983784362944;12.766528908598865;13.358101707440849;12.720244258287568;11.875749351420056;13.483185971936717;11.654188473059545;12.20670914935865;11.638888382252262;12.194141238863136;12.04814625421956;11.737247343027738;12.916812497709833;12.13827180017222;11.430975172588068;10.997885127829113;12.671983272091865;13.428229298205096;11.350386742312844;11.004220466318197;11.50481898763284;12.954741580960002;12.015066533230293;11.710806433699352;12.410716333604269;11.647908074281808;11.292896755409172;12.324743110494415;11.624338545312986;12.79603960882977;12.762382038710392;11.760304125286382;11.7710767402628;11.919980595048962;12.837825009196694;12.731955373771934;11.382624026574916;12.578608560737752;13.161919165427248;11.390168956200185;11.10000522442272;12.36932470240734;11.965784284662089;11.777666280880757;11.795227966028678;11.743572188935634;12.039947160169094;11.739358707433396;11.97333862080036;11.760719947465624;11.522091068887065;12.660218788535618;11.588714635582264;11.28424574982967;11.651948610723446;11.434628227636724;12.276124405274238;12.152284842306582;11.937005926516589;12.071797522284209;11.81016993766466;11.743572188935634;11.533329732305834;12.630722162103838;12.689779629377275;11.71295682169755;12.467605550082997;12.36139553316589;11.929998062609029;11.422064766172811;11.729195859132094;12.735556023911537;11.582141981658776;11.382083590141969;11.584962500721156;11.921097088106793;11.846273911349906
11.03342300153745;9.556506054671928;8.909893083770042;9.61286849729104;11.597587039586216;10.121533517340032;10.533329732305834;8.539158811108031;8.199672344836364;10.08214904135387;9.749869427396844;9.719388820942084;10.234817431117325;11.634357301137976;10.139551352398794;9.24555270625568;8.312882955284355;10.968666793195208;9.566054038171092;10.266786540694902;8.611024797307353;9.980139577639155;8.487840033823051;9.226412192788786;8.693486957499324;9.46352437327118;9.65642486327778;9.469641817239516;10.86573327085176;9.14974711950468;9.96000193206808;9.76983784362944;10.00982861736811;10.690871009292314;10.469641817239516;10.266786540694902;11.697836357962377;9.457380879072534;9.689997971419446;11.169298695792843;9.733015321685963;9.586839787961829;10.266786540694902;9.79603960882977;10.044394119358454;9.672425341971495;11.169298695792843;8.59618975614441;9.4655664048094;8.791162888555018;9.845490050944376;9.852529509404196;9.531381460516313;10.919608238603251;9.61286849729104;8.339850002884624;10.281930026955443;9.698704666770343;9.72451385311995;8.842350343413807;8.661778097771988;8.888743248898258;10.480790201095816;9.73809225962049;9.257387842692651;9.187352073200495;9.111135670234708;8.45532722030456;9.804131021183318;9.131856960608792;10.372865060112588;10.193525360501216;9.409390936137704;9.285402218862249;9.348728154231075;10.285402218862249;10.60917873814198;8.714245517666123;10.417852514885896;10.568906154502084;8.994353436858859;8.661778097771988;9.65642486327778;9.409390936137704;9.659995892429976;9.124121311829189;9.027905996569883;9.471675214392045;8.948367231584678;8.696967526234287;8.945443836377912;9.134426320220928;11.222191138456331;8.842350343413807;8.90388184573618;9.330916878114618;8.968666793195208;9.731319031025064;9.586839787961829;9.821773981970567;9.878050912728536;9.41574176829009;8.679480099505446;9.20212382383046;10.24436383512051;10.059344460824423;8.951284714966972;9.946906274456396;9.59245703726808;9.94251450533924;9.269126679149418;9.192292814470768;10.30720080914081;9.0;8.76487159073609;9.014020470314934;9.930737337562888;9.285402218862249
10.752380646552892;11.450695771572915;12.058668250340572;10.870364719583405;13.531990578127594;11.319107575824985;12.208843990734614;10.714245517666123;10.492854620174748;11.615169813843602;10.849405100947758;12.788718332690458;11.698270577692032;11.46454575033394;11.872290110288091;11.74188827273525;11.43827205612483;12.410981267043796;12.807958602256477;12.005975356500382;10.745674324002136;10.492854620174748;11.181152256865566;12.958733947142935;11.179287104646004;12.206098613995795;10.927037168720297;10.824163209744158;12.337900602860929;13.077149515589731;11.717676423066395;12.021327032624372;11.847840355630714;12.245849771023725;12.246740598493144;13.128960950855696;12.933137368256713;11.846665681899738;11.525031345124;11.956013078088098;12.060020354507852;11.326991174900815;13.128960950855696;12.278449458220482;11.965423565810127;10.309476353841106;11.956013078088098;10.832098846039134;12.980318117957545;11.225809940623543;11.053247125912426;12.237359362198834;10.813781191217036;12.945992424396774;11.36796070964157;11.114393054867309;10.707359132080883;11.650154213675094;13.5427900615549;10.079484783826816;10.827342704234116;10.34318571544788;11.932214751968385;10.4797802640291;10.852529509404196;11.675074920385445;10.393390457443989;10.159871336778387;10.790348496751914;10.395534135462302;11.405673332281866;11.532842910961282;10.972261848733291;10.488844346457336;10.919608238603251;11.407798850221974;11.341518823245243;10.336506559810257;11.228217442293436;11.651051691178928;10.414685235807214;10.505811553919594;10.94104760634058;10.978710459106358;10.637530551525307;10.61378946447258;10.693486957499324;11.031356596255709;10.7431513941125;10.51668494930961;10.586839787961829;10.543031820255235;11.756973226165448;10.561287945164828;10.230020435705637;10.517669388133813;10.346513733165636;11.521109643651332;11.243173983472952;10.330916878114618;10.69522829149575;10.923327485419192;10.81698362325538;10.227615943414223;11.632995197142955;11.813781191217036;10.635718120331047;11.1006623390052;10.82097669262124;10.606405212697783;10.3151495622563;10.535275376620802;11.784225860426252;10.535275376620802;9.847057346091336;10.674192268145683;10.80896417491926;10.814582465906277
10.590587049915037;10.542064542283445;11.006326078524934;10.28424574982967;9.588714635582264;10.80332391904149;10.225207436943505;9.1006623390052;9.339850002884624;9.144658242831882;10.558420713268664;10.902375114486023;9.505811553919594;9.594324603924848;9.778077129535358;10.897089128312755;9.060695931687556;9.76155123244448;9.51175265376738;10.577428828035748;8.810571634741146;9.39660478118186;10.0566377151132;9.839203788096944;9.722807531169549;9.483815777264256;9.169925001442312;7.247927513443585;10.709083812550343;10.338736382573916;9.519636252843211;10.600842114387302;10.425215903299383;11.42783660345852;11.086136225027309;11.022367813028454;9.749869427396844;10.617467465294196;9.605479518061667;11.398743691938192;10.526499239136566;10.439830883981392;11.022367813028454;10.904634621668151;9.96289600533726;9.72451385311995;11.398743691938192;9.014020470314934;10.804937672051908;9.847057346091336;10.881113960675096;10.239001757765582;9.826548487290914;10.603626344986193;10.58777751632821;9.583082767502932;8.577428828035748;10.356451970221755;10.79685079526716;9.99859042974533;9.030667136246942;9.651051691178928;10.824958740528524;10.632995197142955;9.162391328756906;9.20212382383046;9.7714894695006;9.326429487122304;9.799281621521924;10.0;10.878817284614229;10.469641817239516;9.084808387804362;9.544964432789238;9.778077129535358;10.489847960439295;10.46454575033394;9.625708843064466;10.707359132080883;10.866506212226202;9.116343961237469;9.269126679149418;10.460455896309636;9.871905237659186;9.988684686772164;9.823367240046236;9.350939181546432;9.29920801838728;9.381542951184583;9.909893083770042;9.333155350310616;9.319672120946995;11.043710863347156;9.554588851677638;9.076815597050832;8.912889336229961;9.321928094887362;9.702172685365548;9.523561956057012;10.413627929024171;10.338736382573916;9.491853096329674;9.497851836951115;9.894817763307945;10.967946705812707;10.498849206531723;9.717676423066395;10.4231159101471;9.995767150877802;10.25502856981873;9.157346935362844;9.60917873814198;10.271463027904376;9.45532722030456;9.30149619498255;9.787902559391432;9.845490050944376;9.62935662007961
12.312882955284357;11.696098170955864;12.941231050303047;13.648694620918077;13.442425193331609;11.06406908038551;13.458150248057557;11.038918989292302;10.224001674198105;10.826548487290914;10.967226258835993;13.107870914279614;10.982280604558284;11.410451351503994;11.922212717785449;14.250446470145253;11.950555897047511;11.452756029032496;12.081483438093674;13.381542951184583;12.327833296750327;10.395534135462302;11.4231159101471;11.308339030139408;11.660441650209172;11.620219825507489;10.674192268145683;11.625708843064466;12.0744760007345;11.352043425795433;11.369597346278676;13.47826403158172;11.566054038171092;12.629811944382231;12.189824558880018;12.61286849729104;12.658211482751796;10.580258567499788;11.23421867823847;13.296772847705832;13.395801871389748;11.04916787237217;12.61286849729104;12.682116764950074;11.79603960882977;11.386940245324311;13.296772847705832;11.559855041513623;11.44759985827995;10.868822554775;11.318542809702723;10.421538906848276;11.647908074281808;13.520495913671905;11.250298417906333;11.273212809854334;11.200285605224298;12.439571196276454;13.225809940623543;9.831307243802051;9.26209484537018;10.4757334309664;11.475226777742266;10.709083812550343;10.234817431117325;10.51865315567339;10.24198314969433;10.1331422124006;11.040974598817304;10.263269200372662;11.4797802640291;11.004220466318197;11.359200485133632;11.151016538892248;10.32755264408124;11.834075953434883;11.733862719678545;10.43149760425805;11.839597483021176;11.27786854617684;9.873444112515376;10.904634621668151;11.428883552010191;11.705200378063116;10.982280604558284;10.19598729802851;10.4189067312579;10.18239435340453;10.151016538892248;10.812177305514448;10.30720080914081;10.088788238716909;11.674633661767269;10.226412192788786;10.934428040626804;10.072802534544207;9.992938336165814;10.30149619498255;10.57553924683453;10.580258567499788;11.38424412224308;10.323054760341646;10.352043425795433;10.773963368433558;10.923327485419192;11.147840893672337;10.00562454919388;10.642954223480332;11.116343961237469;10.276124405274238;9.726218159332198;9.946906274456396;11.3157156580222;10.018200178813226;9.85642552862553;9.933690654952231;10.1357092861044;9.926295994781112
4.857980995127572;7.787902559391432;9.074141462752506;8.03342300153745;10.741466986401146;8.991521846075695;10.43879185257826;6.149747119504682;7.523561956057013;9.26209484537018;7.392317422778761;5.426264754702098;8.228818690495881;10.715104009236168;9.071462362556623;9.159871336778387;9.681238411777803;10.930737337562888;9.398743691938192;9.820178962415188;5.754887502163468;8.219168520462162;8.945443836377912;8.939579214314692;8.689997971419446;8.672425341971495;7.199672344836364;8.62935662007961;7.622051819456376;7.108524456778169;9.679480099505446;1.584962500721156;7.554588851677638;9.39660478118186;11.12088584278779;5.954196310386875;9.055282435501187;9.036173612553483;7.2384047393250786;10.002815015607052;11.020285500844649;9.569855608330949;5.954196310386875;9.815383295813538;8.654636028527968;7.693486957499325;10.002815015607052;6.491853096329675;8.930737337562887;5.78135971352466;6.066089190457772;4.643856189774724;2.807354922057604;7.787902559391432;9.577428828035748;7.577428828035749;7.409390936137702;9.4797802640291;10.124121311829189;5.523561956057013;5.954196310386875;6.066089190457772;6.954196310386875;6.906890595608519;5.285402218862249;6.129283016944966;6.7414669864011465;6.189824558880018;6.066089190457772;6.357552004618084;6.303780748177103;6.614709844115208;4.459431618637297;4.754887502163468;7.303780748177103;5.321928094887363;6.523561956057013;5.882643049361842;6.832890014164741;5.727920454563199;6.7414669864011465;4.906890595608519;5.087462841250339;6.475733430966398;5.807354922057604;7.426264754702098;6.727920454563199;6.285402218862249;5.087462841250339;6.965784284662087;6.266786540694901;4.584962500721156;7.285402218862249;5.321928094887363;6.918863237274595;5.554588851677638;6.599912842187128;6.357552004618084;6.108524456778169;5.754887502163468;6.459431618637297;4.954196310386875;6.807354922057604;6.6293566200796095;8.103287808412022;6.554588851677638;4.754887502163468;6.321928094887363;6.169925001442312;6.906890595608519;4.954196310386875;4.857980995127572;7.761551232444479;5.247927513443585;5.20945336562895;6.7414669864011465;7.417852514885898;5.0
11.33706433868474;10.78135971352466;10.703903573444665;10.092757140919852;11.520127550324853;10.99081307915361;12.305206759008724;10.673309075561695;10.383704292474052;11.199672344836364;11.002815015607052;11.31797782240712;11.507299124122763;10.265615046484458;11.706496018061188;10.593391122791736;10.643856189774723;12.372048825272772;11.254438148267257;11.018895621121649;10.466586337719244;10.274960472140602;10.782179193831208;11.29920801838728;9.786269627648466;10.159871336778387;10.389093521904474;10.653740778706569;12.312032058744862;9.541096615349524;11.303209948944776;9.60177078840771;11.57601187420678;12.076147528022505;11.250298417906333;12.134747168669016;11.88340698638837;9.78135971352466;11.44759985827995;10.428360172704291;11.419960177847887;10.73640193131829;12.134747168669016;11.600842114387302;10.870364719583405;10.356451970221755;10.428360172704291;9.413627929024171;11.197830998012195;10.700439718141093;11.29232163280204;11.024447124040648;11.863024710236886;12.330916878114618;10.302638923787551;10.458406613236534;10.303780748177102;11.441388029346689;11.415213598765286;10.213104219641906;10.89633240390994;10.746514321138465;12.388017285345136;10.830515206976838;11.006326078524934;11.50332885662666;10.496853777388042;10.79766152585376;11.333155350310616;10.679480099505446;11.706496018061188;11.43879185257826;11.3297963382207;11.08746284125034;10.79197682089869;12.133784409179908;11.659103963473662;10.901621158346112;11.649256177517314;12.275251543470327;10.491853096329674;10.660887270302569;11.318542809702723;11.841957399099549;11.03960451795376;11.12347479824414;11.207624468226758;11.1879705919842;10.72451385311995;11.3151495622563;10.456354415108288;11.003517912108602;11.709083812550343;11.041659151637214;11.106562940444883;10.350939181546432;10.332036548361652;11.58261245126702;11.60130652612184;10.699572453287267;11.055282435501187;11.225207436943505;11.470658874060552;10.34318571544788;11.841957399099549;12.225809940623543;10.97656412341533;11.595723694101627;11.138911718142744;10.80332391904149;10.561287945164828;10.977279923499916;11.587308728333545;10.79603960882977;10.161131882984307;11.215532999745657;10.878817284614229;10.918863237274596
11.64745842645492;9.684748620421626;9.94104760634058;10.281930026955443;10.847057346091336;11.48733761520718;10.708221730038352;10.466586337719244;10.484822894262146;10.434628227636724;10.72451385311995;10.50382573799575;11.827342704234116;9.071462362556623;11.052568050804153;10.376125389276174;10.08214904135387;11.667998535672528;11.14974711950468;10.557463701597824;7.906890595608519;11.148476582178278;9.187352073200495;10.403012023574997;10.26795708440284;10.932214751968385;9.025139562278508;10.283088353024002;12.467096033905747;11.225207436943505;11.42574042431621;9.233619676759702;11.24555270625568;12.114393054867309;10.866506212226202;10.884933647949762;11.887982133058454;10.364134655008051;10.623881490013458;10.821773981970567;10.72451385311995;11.079484783826816;10.884933647949762;11.57601187420678;11.19598729802851;9.588714635582264;10.821773981970567;9.344295907915816;11.243173983472952;10.016808287686557;10.69261550169458;11.224001674198105;10.152284842306582;11.092757140919852;10.66266837551754;9.76155123244448;9.159871336778387;11.138911718142744;11.17617314910749;9.850186837645774;9.159871336778387;10.181152256865566;11.800090987624994;10.570804437724496;10.121533517340032;10.490850876740298;10.153552031708111;9.968666793195208;10.71338651493703;9.99859042974533;11.3297963382207;11.400879436282183;9.459431618637296;9.4797802640291;10.583082767502932;11.576956664706092;11.47826403158172;9.303780748177102;10.887982133058454;11.90839262077375;10.360847084179664;9.537218400538595;10.922584402713664;9.754887502163468;9.818582177480858;10.687375683437468;10.71853287606922;10.597121428789569;10.4757334309664;10.555547771647063;10.608254821977908;10.233619676759702;10.929258408636972;10.634811050171718;9.63117705570398;10.290018846932618;10.08746284125034;10.508785162064513;10.368506461507693;10.43567026093655;10.573647187493322;10.690871009292314;10.740624044489412;10.347621368568134;11.128638812852598;11.46352437327118;10.494855584491198;11.367414751246828;10.90312867681232;10.43149760425805;9.845490050944376;10.355351096424812;11.345405246717796;10.35974956032233;10.148476582178278;10.33427328530719;10.650154213675094;10.406205005418856
11.73047013718422;10.542064542283445;10.59898297103609;11.52943055414615;12.206403913973848;12.04882741336389;9.884170519108435;11.73640193131829;9.37937836707126;12.19567978549598;11.060020354507852;12.044394119358454;11.401946123976536;11.398743691938192;12.674633661767269;11.754052367528924;11.358101707440849;12.678380065109115;11.61286849729104;12.40832974076739;10.436711542137214;11.159871336778387;10.088788238716909;11.128638812852598;10.721953612801386;10.099347810403192;10.007027266893967;9.052568050804153;12.506059588827949;11.99929538702341;12.932214751968385;13.105744854207543;11.825356341479337;12.002463438892535;12.458919206967591;12.506555530751324;12.537946360376203;11.337621901992508;11.376668061857668;10.91139198784346;12.071797522284209;11.521600439723729;12.506555530751324;13.549183018562232;11.74819284958946;10.676838606474153;10.91139198784346;11.589651146514786;11.91026795581084;11.16679075071818;11.243769031961852;11.22881869049588;10.66266837551754;10.163649676015824;11.146568675740786;10.820178962415188;10.304921669581672;13.507794640198696;10.875749351420056;10.338736382573916;9.372865060112588;10.603626344986193;11.627533884472792;11.014020470314934;10.224001674198105;10.257387842692651;10.719388820942084;10.488844346457336;11.131856960608792;10.30720080914081;11.65687172561398;11.437752072323605;10.214319120800766;10.203348002979762;10.524541715035848;12.043027283594547;11.748612176736982;10.015415052386688;11.354800344350595;11.714245517666123;10.295768934420508;10.346513733165636;11.591522346570734;10.840777923595054;10.66266837551754;10.294620748891628;10.696098170955864;10.24436383512051;10.498849206531723;10.668884984266247;10.321928094887362;10.215532999745657;11.320800548881635;10.599912842187129;10.498849206531723;10.213104219641906;10.257387842692651;10.502831804066744;10.671541066711884;11.036860446673046;11.634811050171718;10.41679752760606;10.358651200892886;10.644757592516257;11.405673332281866;11.37232095486726;10.499845887083206;11.040289721025715;10.787902559391432;10.717676423066395;10.20945336562895;10.080817527608328;11.303209948944776;10.183635381473218;10.283088353024002;10.109830654278792;10.108524456778168;10.030667136246942
15.564149489985732;13.278449458220482;13.643405277115674;13.541338657970826;14.85404046568236;14.314016703901355;15.177497401553005;13.014717929860009;12.595723694101627;13.08994696349794;12.654188473059545;14.34249141106907;13.919235786028349;14.1477614129109;14.064321748889189;13.807757403589267;13.446695630709836;15.14700612720716;14.405141463136344;13.807958602256477;10.50084187955693;13.488216732995973;12.24347153839633;12.860311054919482;9.303780748177102;13.609871287178828;12.701089824817158;12.673088192909365;14.896663519676776;14.533329732305834;13.834767301405412;10.773963368433558;13.400612641082;15.319848496002642;15.284932515116967;13.653516879421431;15.258934021403952;14.409059396427892;13.590119174107176;12.75884780310832;13.88006177130641;13.647233549977043;13.653516879421431;14.026091122525854;14.02989109968829;12.394998514501673;12.75884780310832;13.603742238069026;15.677361785992172;13.04011845076483;13.630722162103838;14.420453716266827;13.609986679703654;14.454170751271985;13.69664157939232;13.143702076857933;13.03221795817806;12.893680738390907;14.61401961443572;12.026177596889225;11.210671343785622;12.528698283574188;13.81277897162766;13.198751965193736;12.61378946447258;12.138911718142744;12.19567978549598;12.103615656394544;13.241685287601625;11.99929538702341;13.695445810537382;13.947636937951827;11.42783660345852;12.380731612682997;12.727707777472686;13.863411958941638;13.601654736841796;11.510269670898175;13.228217442293436;14.20876780077178;12.098361127332096;11.789941128390916;13.394328708537234;12.16867211813223;12.095397022792556;12.34179677239183;12.552188759557149;12.858952310750938;12.536732889835417;12.727282329212189;12.4542992936199;12.283377789285558;12.911953675621971;12.498849206531723;11.26502894245816;13.066761932386909;12.073137383110383;12.812177305514448;12.102631888854969;13.466713778648694;12.879391796485187;12.3437409184722;12.416269744523207;12.12023787734196;13.191521938128146;13.622852585863663;12.884170519108435;13.488844346457336;13.302781701267095;12.168358727223886;12.12023787734196;12.452241240430816;12.98655314975666;12.351215321855609;12.154501693864765;11.968666793195208;12.50928016808786;12.588480412829758
13.202429966015352;11.763627351727628;13.145295334933598;13.083479327331842;12.942697762886755;12.551227603598289;12.881305185414046;12.212800334429431;10.400879436282183;12.355901638328415;12.84136778188234;13.4993476328766;12.101647450030766;12.431758749166155;13.031528909787223;12.291458518782344;11.488844346457336;13.606058146810808;13.09984089900072;12.832098846039134;10.735556023911537;12.373952655370193;11.872674880270605;12.139231570719351;13.111135670234708;12.053247125912426;12.220680621052203;11.550746785383245;13.774787059601174;12.974952273534052;13.2103669456326;12.469387440964349;13.59840149706873;13.979335872665384;13.564983039205092;13.12815547093924;14.275324302127874;11.347067657165873;12.382353833664512;12.90388184573618;13.24347153839633;12.697836357962377;13.12815547093924;13.77066389291676;13.3066313617125;12.581435989454384;12.90388184573618;12.106562940444883;13.136190104319445;11.918117851031772;13.077316445881026;12.155608843542105;12.379649117760035;14.049678410286392;13.224906090719768;11.855257827193196;12.173364830849035;13.105744854207543;14.178509245652185;11.912515144802397;11.270879295328784;12.407267764244732;13.646446206154732;12.671098725748465;12.293759009667864;12.861086905995396;12.373408960228696;12.26209484537018;13.032390168866524;12.0515488384404;13.327131562682846;13.192909219112012;12.073806847178492;12.11178773580101;12.552188759557149;13.603394530887376;13.66622400280318;12.01227534485612;13.376396751082842;13.36796070964157;12.066425600635556;11.852919585123995;13.07112712494831;12.882260929099804;12.346790721750702;12.310896748797711;12.55434902206344;12.515699838284045;12.233020426474496;12.796242448203165;12.51051694059471;12.02997734658958;13.332596057789214;12.263269200372662;12.070120944476823;12.335948565202298;12.075813377461454;12.59245703726808;12.344018439881326;12.091765938516804;12.786678033890652;12.488593333835407;12.319672120946995;12.371232128369622;12.76983784362944;13.34568244818678;12.200285605224298;12.86785786397283;13.33343491528405;12.323899182397296;12.05697633617822;12.249409785269128;13.537582426371948;12.200592137689254;12.08214904135387;11.977995368612962;12.465311308877183;12.127671967038982
2.0;4.807354922057604;3.584962500721156;3.169925001442312;1.0;3.700439718141092;4.321928094887363;2.321928094887362;4.857980995127572;5.285402218862249;7.03342300153745;3.584962500721156;5.169925001442312;5.700439718141092;4.523561956057013;3.169925001442312;4.523561956057013;4.087462841250339;4.754887502163468;6.0;3.584962500721156;9.611024797307351;6.832890014164741;3.700439718141092;4.169925001442312;2.0;3.169925001442312;1.0;7.813781191217037;0.0;5.882643049361842;2.0;4.392317422778761;5.672425341971495;2.321928094887362;4.392317422778761;5.285402218862249;2.807354922057604;5.392317422778761;5.087462841250339;3.906890595608519;4.247927513443585;4.392317422778761;3.4594316186372973;4.0;5.807354922057604;5.087462841250339;3.807354922057604;5.129283016944966;4.584962500721156;7.179909090014935;6.087462841250339;2.807354922057604;2.0;3.0;3.584962500721156;0.0;6.6865005271832185;6.491853096329675;5.727920454563199;7.467605550082998;8.294620748891628;9.019590728357882;7.977279923499917;8.768184324776927;7.483815777264256;6.882643049361842;8.422064766172813;9.65284497300198;7.312882955284356;8.366322214245816;7.977279923499917;8.577428828035748;7.679480099505446;7.076815597050831;9.558420713268664;8.558420713268664;8.228818690495881;8.379378367071261;9.640244936222343;7.276124405274237;7.442943495848728;8.266786540694902;8.154818109052105;7.294620748891627;8.459431618637296;8.422064766172813;7.60733031374961;6.357552004618084;8.43879185257826;6.700439718141092;7.577428828035749;8.194756854422248;7.108524456778169;7.0;6.614709844115208;6.6293566200796095;7.179909090014935;8.980139577639157;5.727920454563199;8.257387842692651;8.092757140919852;8.252665432450248;7.636624620543649;9.019590728357882;9.344295907915816;7.330916878114617;8.810571634741146;9.121533517340032;7.348728154231077;6.3750394313469245;7.108524456778169;6.459431618637297;8.326429487122303;7.614709844115208;7.721099188707186;7.366322214245816;7.924812503605781
13.223096690347695;11.46096776257042;12.81658370778757;12.601074338941668;12.128638812852598;12.050868963290736;14.370891701496031;10.83289001416474;13.065584428061502;11.95310515059134;12.319107575824985;12.635264656539514;13.490349505739289;11.3151495622563;12.169611882604212;12.675074920385445;13.20670914935865;11.810571634741146;12.706711844980717;14.103697606750494;10.591522346570734;12.278449458220482;11.705632387361415;12.86457308177364;12.186733289128869;12.290018846932618;10.632086412835182;11.925554439873554;12.363860976729532;13.358788541560408;12.1879705919842;11.428883552010191;12.9683067944308;13.90058382487332;11.915879378835774;15.349281228817452;12.509527607423152;12.913450441458098;12.343463343667905;14.041659151637214;12.960182981831874;12.483059977871669;15.349281228817452;12.71338651493703;12.180219982170192;12.005273656563938;14.041659151637214;11.451211111832327;13.631745471077506;12.339850002884624;12.751334836401345;12.456226055746944;12.061033601681112;11.764042217306589;12.956920604721088;11.490349505739289;10.3409627642517;13.153710352151716;13.586136091480489;11.480285320936373;11.040289721025715;11.482303782323182;13.127994320976391;12.206403913973848;11.240195053979924;12.59269061535341;11.831307243802051;10.83368074865474;11.746934136372298;11.847448903982432;12.61171646094388;12.643630751061728;10.90312867681232;11.147204924942228;12.295481973695368;12.269126679149418;12.779924501967908;10.824958740528524;12.554109152574004;12.44475608969503;11.88760142450871;10.847057346091336;12.13859179463752;11.519636252843211;11.851749041416058;11.279610581052484;11.843528534611089;11.706496018061188;11.3009244909763;11.804534402995223;11.3297963382207;11.480285320936373;12.901809684323627;11.684748620421626;10.935901682267588;11.326991174900815;11.66622400280318;12.191676146352428;11.792790294301064;11.25915476886684;12.01017840402054;11.706496018061188;11.752380646552892;11.914758838941856;12.960545013211664;12.416269744523207;11.65954999687987;12.072132604167232;11.70173963867435;13.105744854207543;11.572226512793694;11.559377090526684;13.253256579781151;11.1357092861044;11.10000522442272;11.806146803320525;12.2940463132715;11.076147528022505
11.647008638441648;10.80332391904149;12.36468185586456;10.166163082646111;10.283088353024002;10.776433032444732;10.406205005418856;9.850186837645774;10.54399845013454;11.474719946526482;11.319672120946995;11.572226512793694;12.002815015607052;8.379378367071261;11.29978040285854;11.71295682169755;11.582141981658776;12.175549550636193;10.363039630256514;11.54399845013454;9.837627933171404;11.246146774635864;10.113742166049189;11.363587246524578;10.977279923499916;11.655977862486942;10.055282435501187;10.417852514885896;13.878338349895197;10.217957697864112;11.32755264408124;10.167418145831736;11.52061868055628;11.692179576312538;11.47826403158172;11.51668494930961;10.5401280385821;10.957102041562289;11.877667574067882;11.1357092861044;10.77561028075954;11.096715154488535;11.51668494930961;11.586839787961829;10.981567281903017;10.24436383512051;11.1357092861044;10.44086916761087;12.020632761657708;11.128638812852598;11.655977862486942;10.99506046703272;11.4757334309664;10.582141981658776;11.085472459181284;10.561287945164828;9.221587121264806;11.256798386079389;9.73978060977326;11.191676146352428;11.032045726930807;11.655977862486942;13.516438734607949;11.190442018782823;11.06204613772049;11.635718120331047;10.909143047339898;11.101975670949232;12.269418929741096;11.199058823653022;12.846273911349906;12.324461855977315;12.269418929741096;11.4993476328766;11.647908074281808;13.090277856857394;12.136350341454156;11.375582512490508;12.605942439625368;13.091765938516804;10.5401280385821;11.227014193649133;12.06305796362349;12.0;11.534789211480266;12.19537220740274;11.813781191217036;11.075479149488016;12.32558654521057;12.26209484537018;12.06305796362349;12.374496145691516;11.264442600226602;12.182083929510725;10.813781191217036;11.428883552010191;11.200898605038445;11.466586337719244;12.064405961891042;11.912515144802397;11.485829308701904;11.856036399819155;13.13699111208023;11.00982861736811;12.392585756275468;12.956920604721088;11.960725994839056;12.746094383705463;12.276124405274238;11.37232095486726;11.074141462752506;11.483815777264256;11.94800213097767;11.42678889459556;11.56843119316746;11.773551346428505;11.483815777264256;11.778898476008376
13.179598130849836;10.285402218862249;12.318542809702723;12.82356627364535;15.42501915874274;11.734709620225836;16.822583278223924;10.243173983472952;12.070791809423062;11.533329732305834;11.81016993766466;12.833483105659584;13.822969090453288;10.112439506781552;12.672646326124626;13.991876099003417;14.779616770790897;12.52943055414615;13.86534664481678;11.742309436084;9.06339508128851;12.959639764364184;11.90312867681232;12.564625862795372;7.936637939002571;12.340684654363438;11.448116305409464;12.565340127208454;12.957283455588415;12.92184093707449;12.341240820538747;6.3750394313469245;13.351629433241762;14.16608460493288;12.66200071871848;14.128799890845384;12.500094949671809;13.29117069932186;12.511505595792482;14.64622117183188;11.00982861736811;12.446307931050343;14.128799890845384;12.021327032624372;13.080484457067568;12.066089190457772;14.64622117183188;11.585432051592962;13.566886488038495;11.842743180731658;11.862637357558794;12.288433546793105;10.722807531169549;13.002815015607052;12.71295682169755;11.94104760634058;12.03960451795376;12.853114583440288;12.63367640989232;11.590119174107176;11.640244936222343;11.936637939002573;13.412172865823786;12.961992230928898;12.676397887044764;12.893301530860564;11.95492329203032;11.643405277115674;12.583787954502338;11.889503963411476;13.223247560417468;13.444108996147117;11.4231159101471;11.45994384837493;12.602698865017963;13.17617314910749;12.81177605532666;11.24436383512051;12.294333559671829;13.5907039951622;12.000704269011246;11.642051692927977;12.615399743725495;10.812177305514448;12.04916787237217;12.74756363025512;12.693269142893206;12.366048950670628;12.539401179028111;12.219168520462162;12.304066063127284;12.413892328372643;12.088457003486226;12.562957869334118;10.821773981970567;12.32755264408124;12.429929741353272;13.01297364837454;12.171489577065657;12.7714894695006;11.917745013443216;12.627989784315703;12.965243172556892;11.491853096329674;12.82097669262124;13.446178674674243;12.510022358813766;13.306204128589329;12.7238742188639;11.521600439723729;11.79400964502097;12.037546953962178;12.567005370247031;12.042685372219353;11.963618617443972;12.06373212019692;12.429145170478744;12.533329732305834
11.302638923787551;9.240791332161956;13.64689616952396;10.428360172704291;13.738831155944396;5.727920454563199;9.663558104217271;7.614709844115208;10.651051691178928;7.129283016944966;6.357552004618084;9.419960177847887;10.113742166049189;4.392317422778761;9.64745842645492;10.73978060977326;9.283088353024002;7.94251450533924;6.247927513443585;12.48708634027127;12.734074491428045;8.055282435501189;10.169925001442312;8.63662462054365;10.745674324002136;11.418379719364957;6.9886846867721655;6.266786540694901;9.030667136246942;7.20945336562895;8.383704292474052;11.678600139099458;8.50382573799575;8.129283016944967;10.24198314969433;7.554588851677638;11.72451385311995;7.312882955284356;9.23840473932508;11.422064766172811;9.108524456778168;5.459431618637297;7.554588851677638;8.228818690495881;6.754887502163468;8.483815777264256;11.422064766172811;9.930737337562888;9.853309555403674;6.426264754702098;6.870364719583405;4.754887502163468;8.219168520462162;5.614709844115208;11.643856189774723;6.523561956057013;11.65687172561398;9.283088353024002;10.755722153642282;5.882643049361842;6.022367813028454;6.426264754702098;8.897845456005511;6.169925001442312;6.409390936137702;6.22881869049588;5.584962500721156;6.108524456778169;6.339850002884624;5.78135971352466;7.894817763307944;6.94251450533924;7.467605550082998;6.285402218862249;6.044394119358453;7.721099188707186;6.475733430966398;5.584962500721156;7.442943495848728;7.348728154231077;5.727920454563199;6.3750394313469245;7.149747119504682;6.727920454563199;5.459431618637297;5.807354922057604;5.672425341971495;5.459431618637297;5.087462841250339;5.727920454563199;4.523561956057013;5.857980995127572;7.257387842692652;6.442943495848728;4.459431618637297;4.857980995127572;5.0;5.357552004618084;5.700439718141092;7.832890014164741;7.285402218862249;6.754887502163468;6.20945336562895;6.569855608330948;7.584962500721156;7.303780748177103;6.807354922057604;6.149747119504682;6.108524456778169;6.357552004618084;5.491853096329675;6.066089190457772;6.658211482751795;4.523561956057013;4.807354922057604;5.044394119358453;6.426264754702098;5.78135971352466
10.330916878114618;8.422064766172813;9.571752643503546;11.080151309614088;11.998942951443086;11.29920801838728;10.28424574982967;8.861086905995395;10.279610581052484;9.428360172704291;9.94104760634058;10.731319031025064;11.745674324002136;10.69522829149575;9.758223214726724;11.506803437795648;10.084808387804362;9.987264012072538;8.851749041416058;10.10459875356437;9.03342300153745;9.91139198784346;8.689997971419446;9.774787059601174;10.260919533662904;10.352043425795433;10.414685235807214;10.183635381473218;11.46352437327118;12.272921326867005;10.791162888555018;9.505811553919594;11.030667136246942;10.391243589427445;10.336506559810257;9.778077129535358;12.118616689351509;12.630722162103838;10.497851836951115;12.545205827425605;11.380461065088973;9.544964432789238;9.778077129535358;12.14210705730255;11.400345796534694;8.294620748891628;12.545205827425605;7.936637939002571;12.466841208321602;9.59245703726808;11.074810461160451;11.084144010615145;9.310612781659527;10.365228849251544;10.572700226487292;10.469641817239516;9.20212382383046;11.54978466794786;9.076815597050832;8.491853096329674;9.287712379549449;9.971543553950772;11.44449728710381;9.654636028527968;9.915879378835774;10.352043425795433;9.517669388133813;9.30149619498255;10.447083226209651;9.810571634741146;11.35424938194524;10.450180247164754;9.14210705730255;8.954196310386875;10.330916878114618;11.397674632948268;11.027905996569883;9.113742166049189;10.720244258287568;11.423641195075856;9.859534786382651;8.951284714966972;10.830515206976838;9.722807531169549;10.256208688527389;10.13827180017222;10.580258567499788;9.77313920671969;10.325305455089682;10.06339508128851;9.951284714966972;10.356451970221755;9.847057346091336;10.328674927327947;8.535275376620802;9.7431513941125;10.287712379549449;10.595257481449035;10.274960472140602;10.715961990255144;10.217957697864112;10.641148597411233;10.932952892194717;9.689997971419446;10.929258408636972;11.350386742312844;9.719388820942084;11.197830998012195;11.004220466318197;9.94104760634058;9.859534786382651;9.957102041562289;10.843921051289035;9.859534786382651;9.682994583681683;10.226412192788786;10.00982861736811;9.90839262077375
3.700439718141092;3.321928094887362;6.409390936137702;7.851749041416057;4.584962500721156;3.169925001442312;4.0;3.321928094887362;4.523561956057013;3.700439718141092;3.0;7.727920454563199;4.169925001442312;4.643856189774724;6.108524456778169;8.851749041416058;6.189824558880018;4.392317422778761;3.807354922057604;8.661778097771988;4.392317422778761;5.169925001442312;2.807354922057604;8.388017285345136;9.057991722759176;4.954196310386875;4.459431618637297;4.321928094887363;5.906890595608519;6.554588851677638;4.247927513443585;8.971543553950772;5.700439718141092;7.219168520462161;5.554588851677638;5.044394119358453;5.459431618637297;7.614709844115208;5.285402218862249;6.108524456778169;7.179909090014935;6.507794640198696;5.044394119358453;4.807354922057604;5.426264754702098;3.0;6.108524456778169;3.584962500721156;6.22881869049588;6.643856189774724;3.807354922057604;2.0;5.321928094887363;4.584962500721156;8.144658242831882;7.400879436282184;5.129283016944966;2.584962500721156;2.584962500721156;1.0;2.0;4.169925001442312;4.392317422778761;3.321928094887362;3.4594316186372973;2.584962500721156;3.321928094887362;1.0;4.169925001442312;2.0;5.20945336562895;4.857980995127572;2.0;2.584962500721156;3.4594316186372973;4.807354922057604;2.807354922057604;0.0;3.321928094887362;5.087462841250339;3.169925001442312;2.807354922057604;4.584962500721156;3.4594316186372973;2.321928094887362;3.0;3.169925001442312;1.584962500721156;2.807354922057604;2.321928094887362;2.584962500721156;3.169925001442312;2.584962500721156;3.807354922057604;2.0;3.321928094887362;2.321928094887362;3.169925001442312;4.643856189774724;3.906890595608519;4.0;2.321928094887362;2.807354922057604;2.807354922057604;4.0;4.169925001442312;3.807354922057604;6.882643049361842;3.0;2.584962500721156;5.554588851677638;2.807354922057604;3.169925001442312;3.321928094887362;2.0;3.169925001442312;2.0;3.584962500721156
11.250298417906333;9.749869427396844;10.610102062999664;10.368506461507693;10.526499239136566;10.41256984680521;9.98584193700334;9.39231742277876;10.705632387361415;10.109830654278792;10.584962500721156;10.298062567719017;11.751962413460854;10.183635381473218;10.673309075561695;10.841564347730577;10.527477006060396;10.51175265376738;11.04916787237217;10.914385132155443;8.405141463136344;10.602698865017963;9.577428828035748;11.109830654278792;10.874981347653774;10.687375683437468;9.36194377373524;10.23840473932508;11.558898981146704;10.977279923499916;11.062720767165043;9.550746785383245;10.7515440590891;10.67065624911844;11.339293300180094;11.422064766172811;10.539158811108033;10.852529509404196;10.682994583681683;11.240791332161956;10.84313591111135;10.443979542601252;11.422064766172811;10.930737337562888;10.689124404913258;9.79603960882977;11.240791332161956;9.60177078840771;11.072132604167232;9.977279923499916;10.020979938904212;10.369597346278676;10.074141462752506;10.427312844134963;11.881113960675096;9.620219825507489;9.12670447284319;11.5980525001616;10.861862340059153;9.821773981970567;10.148476582178278;9.661778097771988;11.303209948944776;9.868822554775;10.281930026955443;11.483815777264256;10.026523442519766;9.845490050944376;10.58777751632821;10.08214904135387;10.91737207947684;10.910642730469624;9.477758266443889;9.381542951184583;10.514714054138487;11.03342300153745;10.936637939002573;9.330916878114618;10.319672120946995;11.494855584491198;9.792790294301064;9.167418145831736;10.490850876740298;9.493855449240822;9.845490050944376;10.489847960439295;10.181152256865566;10.562242424221072;10.226412192788786;10.386940245324311;10.12023787734196;10.191059214531656;10.4231159101471;9.958552715431011;9.055282435501187;10.161131882984307;9.73640193131829;11.40992124124968;10.619302955415687;10.14338321398982;10.154818109052105;10.382624026574916;10.559377090526684;9.566054038171092;11.081483438093674;11.247927513443583;10.232420927176076;11.046441948007311;10.510764167917891;9.826548487290914;9.89178370321831;10.0566377151132;10.99717948093762;10.06339508128851;9.84862294042934;10.161131882984307;10.34207466799914;10.250298417906333
10.227615943414223;11.31741261376487;9.659995892429976;12.973697366305352;12.732803394393494;11.010528105886484;11.576484346796851;9.08746284125034;8.832890014164741;9.584962500721156;9.67065624911844;9.79603960882977;9.929258408636972;9.81698362325538;10.310612781659527;13.55494852136186;12.67815995754276;9.89026427702111;10.016808287686557;12.30206767252652;8.491853096329674;9.733015321685963;10.584022940257542;9.445014845868425;8.321928094887362;10.567956075415466;9.39231742277876;11.861474675125772;10.236014191900084;10.939579214314692;6.78135971352466;9.280770770130603;11.200285605224298;11.227615943414223;11.99435343685886;11.794821973331224;10.049848549450562;11.437231901039478;9.842350343413807;7.592457037268081;10.874212934830874;9.047123912114026;11.794821973331224;10.407267764244732;10.909893083770042;9.753216749178955;7.592457037268081;8.055282435501189;10.004220466318197;9.900866807980748;11.58261245126702;11.459431618637296;9.7632123668144;11.702605602110248;11.053247125912426;10.608254821977908;10.541096615349524;10.159871336778387;9.487840033823051;8.558420713268664;8.149747119504681;8.826548487290914;10.381542951184583;9.517669388133813;9.219168520462162;9.60733031374961;8.479780264029099;8.43879185257826;9.14974711950468;8.689997971419446;9.59245703726808;10.252665432450248;8.92481250360578;9.303780748177102;9.271463027904376;9.705632387361415;9.729620743553038;9.164906926675688;9.79766152585376;10.378294855911893;8.693486957499324;9.084808387804362;9.642051692927977;9.57553924683453;8.930737337562887;8.459431618637296;8.665335917185176;9.419960177847887;8.721099188707186;8.98299357469431;9.189824558880018;8.734709620225837;10.1331422124006;9.264442600226602;8.832890014164741;9.0;8.174925682500678;10.043027283594547;8.83605035505807;9.308339030139408;9.26209484537018;8.912889336229961;9.002815015607053;8.611024797307353;9.72451385311995;9.794415866350104;9.118941072723509;9.442943495848729;9.523561956057012;9.06339508128851;7.727920454563199;8.994353436858859;9.878050912728536;8.46352437327118;8.224001674198105;8.710806433699352;9.372865060112588;8.829722735086058
4.392317422778761;8.076815597050832;6.169925001442312;5.700439718141092;7.303780748177103;5.78135971352466;10.08746284125034;4.247927513443585;5.087462841250339;5.807354922057604;5.954196310386875;6.22881869049588;7.832890014164741;6.189824558880018;6.807354922057604;6.044394119358453;4.247927513443585;7.20945336562895;4.906890595608519;9.14974711950468;5.247927513443585;9.879583249612784;5.087462841250339;10.802516365121225;11.897089128312755;6.149747119504682;6.569855608330948;12.635491406251711;8.087462841250339;5.700439718141092;5.392317422778761;4.392317422778761;6.954196310386875;9.477758266443889;10.183635381473218;13.68266546424581;6.6865005271832185;5.954196310386875;6.392317422778761;4.247927513443585;6.906890595608519;5.357552004618084;13.68266546424581;6.3750394313469245;6.954196310386875;5.426264754702098;4.247927513443585;6.977279923499917;6.507794640198696;10.072802534544207;5.584962500721156;5.672425341971495;6.285402218862249;8.754887502163468;5.832890014164741;5.129283016944966;4.584962500721156;5.392317422778761;7.584962500721156;4.0;6.087462841250339;6.189824558880018;8.507794640198696;6.022367813028454;4.807354922057604;5.491853096329675;5.357552004618084;5.357552004618084;5.614709844115208;5.754887502163468;6.044394119358453;5.727920454563199;4.321928094887363;4.392317422778761;6.066089190457772;6.409390936137702;7.139551352398794;4.087462841250339;7.087462841250339;6.321928094887363;4.459431618637297;4.169925001442312;7.266786540694901;5.930737337562887;5.882643049361842;5.459431618637297;7.734709620225838;4.954196310386875;5.044394119358453;5.930737337562887;3.906890595608519;4.087462841250339;5.247927513443585;5.523561956057013;4.584962500721156;4.754887502163468;6.149747119504682;5.392317422778761;6.584962500721156;6.807354922057604;5.906890595608519;5.727920454563199;6.6293566200796095;7.554588851677638;8.087462841250339;6.614709844115208;4.857980995127572;7.515699838284043;5.78135971352466;5.044394119358453;6.321928094887363;4.247927513443585;6.614709844115208;4.459431618637297;4.087462841250339;5.754887502163468;3.584962500721156;5.930737337562887
6.882643049361842;8.689997971419446;9.88264304936184;9.36194377373524;8.717676423066395;9.845490050944376;9.594324603924848;9.030667136246942;9.567956075415466;10.27029532647204;10.13827180017222;10.965784284662089;10.401946123976536;6.539158811108031;10.768184324776929;9.552669097514272;5.832890014164741;9.60917873814198;8.885696373339394;9.914385132155443;8.523561956057012;10.414685235807214;8.312882955284355;10.723660944409984;7.584962500721156;8.86418614465428;8.233619676759702;8.475733430966399;12.7795141791435;6.066089190457772;8.933690654952233;8.243173983472952;10.979425195331473;10.079484783826816;8.63662462054365;12.900866807980748;8.768184324776927;8.409390936137703;10.537218400538595;10.519636252843211;9.69522829149575;9.204571144249204;12.900866807980748;10.496853777388042;9.41574176829009;8.139551352398794;10.519636252843211;10.496853777388042;11.949097155729207;10.4542992936199;10.205793249397155;7.848622940429338;10.814582465906277;8.303780748177102;10.086136225027309;8.813781191217037;7.74819284958946;8.430452551665532;7.906890595608519;9.485829308701904;9.430452551665532;9.884170519108435;11.420486612825774;8.219168520462162;9.296916206879288;10.488844346457336;10.094077685671904;9.26209484537018;10.557463701597824;9.654636028527968;11.222794902868111;9.900866807980748;9.417852514885896;8.810571634741146;9.451211111832327;10.767356854125683;9.971543553950772;9.533329732305834;10.191059214531656;10.961449694398196;8.971543553950772;9.250298417906333;10.281930026955443;10.068778277985412;9.312882955284357;9.493855449240822;10.092757140919852;9.469641817239516;10.034798962577268;10.269126679149418;9.746514321138465;9.915879378835774;9.86727873970966;9.63662462054365;10.06339508128851;8.614709844115207;9.759888183221834;10.395534135462302;10.682994583681683;9.409390936137704;11.530893981193922;10.181152256865566;10.066089190457772;9.719388820942084;10.63390340934852;10.806549621985962;9.987264012072538;10.94251450533924;11.106562940444883;10.225207436943505;9.388017285345136;10.029287226968243;10.344295907915816;9.76983784362944;9.403012023574997;10.51175265376738;9.59618975614441;9.357552004618084
6.20945336562895;5.426264754702098;7.754887502163468;5.392317422778761;6.022367813028454;5.807354922057604;11.647008638441648;5.643856189774724;5.357552004618084;6.0;5.754887502163468;6.442943495848728;6.845490050944375;4.523561956057013;7.383704292474052;6.672425341971495;5.169925001442312;7.044394119358453;6.392317422778761;8.071462362556623;5.169925001442312;6.321928094887363;4.0;9.906890595608518;11.544964432789238;5.727920454563199;6.727920454563199;9.791162888555018;8.29920801838728;6.189824558880018;5.643856189774724;10.957827560833744;7.826548487290915;6.906890595608519;5.554588851677638;9.368506461507693;6.6293566200796095;6.768184324776926;6.087462841250339;6.442943495848728;7.098032082960526;6.129283016944966;9.368506461507693;7.977279923499917;7.451211111832329;3.700439718141092;6.442943495848728;6.700439718141092;7.285402218862249;6.930737337562887;5.392317422778761;4.491853096329675;6.321928094887363;5.357552004618084;7.044394119358453;5.247927513443585;6.339850002884624;6.0;5.807354922057604;4.807354922057604;5.426264754702098;5.20945336562895;7.2384047393250786;6.339850002884624;4.0;6.3750394313469245;5.044394119358453;4.247927513443585;5.643856189774724;5.129283016944966;6.3750394313469245;5.882643049361842;5.247927513443585;4.807354922057604;6.0;6.727920454563199;6.285402218862249;4.906890595608519;4.954196310386875;7.523561956057013;4.954196310386875;5.0;6.066089190457772;5.727920454563199;5.523561956057013;4.954196310386875;5.491853096329675;5.247927513443585;5.78135971352466;5.700439718141092;4.857980995127572;5.857980995127572;4.954196310386875;6.303780748177103;3.906890595608519;5.20945336562895;4.087462841250339;5.954196310386875;6.189824558880018;5.954196310386875;6.044394119358453;5.700439718141092;6.0;5.129283016944966;6.700439718141092;6.768184324776926;6.321928094887363;7.787902559391432;5.857980995127572;4.321928094887363;7.098032082960526;5.285402218862249;6.129283016944966;5.0;5.044394119358453;6.672425341971495;5.321928094887363;6.247927513443585
14.564149489985732;13.713171684314805;13.793603309279408;13.08381170725288;14.996650019175894;14.503639427536282;14.23773279813416;13.57990515345134;13.314300001897534;13.68923362965805;13.56961830344664;13.964250606270138;14.62844554013718;13.930182916865272;14.594382926445862;13.36016122961914;13.68923362965805;15.263415927557215;14.003957048580777;14.341866251312158;11.634811050171718;13.81848231971713;12.929813184664148;13.893775524701567;12.941231050303047;14.441193478063148;12.48708634027127;13.450051337274044;15.788310503700918;14.30527802256382;14.264442600226602;12.71681946132995;13.769734554204597;15.779180705896607;15.230358246261416;14.52594895389042;14.649649137121536;14.186036839662824;14.21318018094459;14.191830338095308;14.245404150930328;14.373952655370193;14.52594895389042;14.83964668733355;14.61453731765166;12.722167139781853;14.191830338095308;13.237060543838012;14.975400190281691;13.611255388699336;13.916625922211235;13.99744413897014;13.35974956032233;14.92035285541508;13.544964432789238;13.10459875356437;12.987086329328193;13.977458818043004;14.8762771169508;13.065079488999862;13.183015000882756;13.524296837662623;15.24692611833406;13.81518313000803;13.7632123668144;14.945626722229823;13.357002092264985;13.28439035916582;13.853212072715648;13.36468185586456;14.490474864825336;14.24399211188512;13.006852001748774;13.193217322699065;13.675626303935395;14.702226807063484;15.034369115706737;13.162706018482416;14.214091404749327;14.680359523513712;13.657430108963014;12.532112370794998;14.16765334867565;13.547858506058416;13.62490966089025;13.70336289396418;13.817982927195652;14.072802534544207;13.46569393586282;13.898979204622512;13.870653692051247;13.4812949046311;14.252517607762288;13.804231877210546;13.204418308289435;13.422459034917935;13.433455039827054;15.036602922195364;13.969206622964236;13.737247343027738;13.968396802543932;13.833977162388804;13.951740039269596;13.522336320913306;14.2205294822913;14.54182262142417;13.462885645213246;14.16105313110564;14.40161286878555;13.294333559671829;13.155292601751954;13.536611486625777;15.099060097540992;13.30035256032822;13.060695931687556;13.48721198320981;14.072886253972108;13.553989202871929
12.307485448589476;10.823367240046236;11.072132604167232;10.849405100947758;13.585784114483443;11.145932145820517;12.232420927176076;10.249113452713727;10.419960177847887;11.884552133987237;11.233020426474496;11.701306461958623;11.96974625081451;11.491352073563435;11.935165049603697;11.626165319904498;11.892542816648552;12.091765938516804;11.765286098723683;12.148158772937894;10.497851836951115;11.644757592516257;12.219773550892874;11.261507309202056;11.440350119200565;10.569855608330949;11.414685235807214;11.99435343685886;12.263856019596082;11.393390457443989;11.766942940755785;11.641148597411233;11.700873155140265;13.184410482249875;12.381813295988316;12.736613330694578;12.500343969270403;10.471675214392045;11.641148597411233;12.684967725143876;12.20670914935865;10.338736382573916;12.736613330694578;11.904258282800518;11.40886043602476;11.42574042431621;12.684967725143876;10.333155350310616;11.270879295328784;10.52943055414615;11.615629636968098;11.255618749839597;11.44190670454224;13.693595852471706;11.269126679149418;11.199058823653022;10.98655314975666;11.723234300893376;12.942331224510577;10.595257481449035;10.30035256032822;11.009128789539256;12.684529482418489;11.321928094887362;11.101975670949232;11.725792271494155;10.605479518061667;10.675074920385445;11.594791118089264;10.767356854125683;12.096715154488535;12.057314877782703;11.060020354507852;10.95492329203032;11.139551352398794;12.156715144224702;12.365228849251544;10.967946705812707;12.194449079479025;11.967946705812707;10.728770849542665;10.808159772868375;11.892163309861964;11.45994384837493;11.198445041452365;10.847840355630714;11.118941072723509;11.060695931687556;10.884933647949762;11.040289721025715;11.150381968817848;10.980853606379736;12.479527669256347;11.078817949961978;10.735556023911537;10.85642552862553;10.471675214392045;11.687813062564931;11.194756854422248;10.506803437795648;11.62935662007961;11.154818109052105;11.101975670949232;10.965784284662089;11.639340708652233;11.94251450533924;10.94178124227853;11.567956075415466;11.685624839726357;11.51717725268954;10.53818893205242;10.576484346796851;12.673529924401144;10.550746785383245;10.330916878114618;10.866506212226202;11.590587049915037;10.99435343685886
14.851895411328512;12.554109152574004;13.674743989075154;12.119265383175788;13.804635230827737;12.83289001416474;13.574238722636666;12.292609222764296;12.914385132155443;13.640018932455783;12.64430696154558;13.530650179750014;13.441258331406123;12.846861527286707;13.41190815113664;13.03514274788591;12.81277897162766;14.041402482392792;13.587191507529832;13.16804526822409;11.699572453287267;12.874789282814126;11.821773981970567;12.971363924361937;13.4070021479242;13.66943873817505;12.825952537523726;12.837825009196694;14.228442939734313;13.155292601751954;14.076398090162984;13.198598511485049;13.412966718580916;13.26868819222819;13.666889708440255;13.99550218499976;14.886315790939992;13.018721791970178;12.965784284662089;13.766114757586722;13.746199379523777;12.474719946526482;13.99550218499976;14.03385313035042;13.369597346278676;11.957102041562289;13.766114757586722;12.97513145692134;13.149905858025049;12.381542951184583;12.93682194449238;13.873011469846222;13.105090051046009;15.016242448107366;13.057822541282478;12.45917543555203;12.252074042796185;13.619990662606378;14.138991687935224;12.226713224618962;12.660441650209172;12.682116764950074;14.189052362190337;12.770250927394864;12.942697762886755;13.677499433285108;12.42259043389256;12.404609397837712;13.273795599214264;12.691089186236532;13.620219825507489;13.632654470109475;12.765286098723683;12.69522829149575;12.795227966028678;14.108034327661551;13.586018775355935;12.238703279427725;13.313024722595518;14.322773176454564;12.488844346457336;12.43514933836693;13.236014191900084;13.015589280397393;12.894817763307945;12.998237821888049;13.203500952361397;13.28699085163199;12.867085646616836;12.97656412341533;12.47851684767645;12.830317129810208;13.297776062894147;13.040632200562252;12.095067301607054;12.664447284547972;12.492854620174748;13.418247936305638;13.291026768056126;12.555547771647063;12.53649007319916;13.31741261376487;13.363860976729532;12.185494924210866;13.666113021993024;13.979335872665384;12.822969090453288;13.615744569853312;13.167104482379932;12.62296694479051;12.428360172704291;13.000704269011246;13.42940674151398;12.54182262142417;12.133784409179908;12.878050912728536;12.79685079526716;12.847057346091336
3.0;3.807354922057604;4.954196310386875;4.0;2.321928094887362;3.807354922057604;4.392317422778761;3.807354922057604;3.321928094887362;5.285402218862249;7.507794640198696;5.977279923499917;2.321928094887362;3.0;4.459431618637297;7.0;3.807354922057604;3.0;3.700439718141092;5.857980995127572;3.169925001442312;3.321928094887362;4.807354922057604;3.321928094887362;5.20945336562895;5.044394119358453;3.0;2.807354922057604;4.584962500721156;4.857980995127572;3.321928094887362;4.459431618637297;4.523561956057013;5.906890595608519;4.857980995127572;8.86418614465428;2.0;2.807354922057604;3.700439718141092;3.807354922057604;5.321928094887363;3.169925001442312;8.86418614465428;4.906890595608519;3.584962500721156;4.169925001442312;3.807354922057604;3.321928094887362;5.672425341971495;4.523561956057013;7.108524456778169;1.0;5.044394119358453;4.523561956057013;5.129283016944966;3.906890595608519;3.906890595608519;4.584962500721156;4.0;4.169925001442312;2.321928094887362;3.321928094887362;4.807354922057604;3.0;4.584962500721156;3.0;5.491853096329675;4.643856189774724;5.882643049361842;6.754887502163468;3.4594316186372973;5.129283016944966;0.0;3.0;5.0;3.4594316186372973;4.247927513443585;3.700439718141092;6.044394119358453;5.832890014164741;4.459431618637297;2.321928094887362;4.0;4.459431618637297;2.584962500721156;4.584962500721156;4.169925001442312;3.4594316186372973;3.321928094887362;6.409390936137702;3.0;3.169925001442312;5.392317422778761;4.321928094887363;5.807354922057604;2.321928094887362;2.321928094887362;4.087462841250339;4.321928094887363;2.0;4.459431618637297;4.807354922057604;3.807354922057604;1.584962500721156;5.672425341971495;5.247927513443585;2.584962500721156;3.0;3.700439718141092;4.523561956057013;3.584962500721156;3.0;4.954196310386875;3.807354922057604;2.321928094887362;3.906890595608519;3.321928094887362;3.321928094887362
9.91139198784346;9.955649907528374;9.394462694610317;10.95492329203032;10.456354415108288;10.563196272216738;11.465056167831175;9.854868383260236;9.584962500721156;10.50481898763284;11.145932145820517;11.41256984680521;10.828929827651486;9.843921051289035;11.481799431665753;10.321928094887362;9.668884984266247;10.17617314910749;10.224001674198105;10.458406613236534;9.068778277985412;10.754052367528924;9.321928094887362;11.035486451292154;8.751544059089099;9.978710459106358;8.988684686772165;10.002815015607052;11.323617763291578;10.681238411777803;9.419960177847887;8.266786540694902;11.928148216169037;11.91737207947684;10.31628153174622;8.527477006060396;10.403012023574997;9.577428828035748;10.715961990255144;11.963257356633047;10.995767150877802;9.915879378835774;8.527477006060396;11.437752072323605;9.9901039638575;9.047123912114026;11.963257356633047;10.52552080909507;12.285691191330091;11.386940245324311;10.971543553950772;8.513727595952437;11.047123912114026;9.885696373339394;11.606867837374152;8.933690654952233;9.721099188707186;8.839203788096944;9.124121311829189;10.023754353299417;9.1006623390052;10.187352073200495;11.295768934420508;9.308339030139408;9.179909090014934;10.40832974076739;10.057991722759176;9.507794640198696;10.768184324776929;10.303780748177102;11.547858506058416;10.672425341971495;8.721099188707186;9.29920801838728;10.26795708440284;11.077483356859508;10.809768128710411;8.894817763307943;10.71338651493703;11.56843119316746;9.539158811108033;8.980139577639157;11.1767964781476;9.957102041562289;9.449148645375436;9.333155350310616;10.314016703901355;9.99717948093762;10.546894459887636;10.287712379549449;9.355351096424812;9.622051819456376;11.161131882984307;9.60177078840771;9.91288933622996;9.509775004326936;9.89178370321831;10.08746284125034;11.019590728357882;10.445014845868425;11.862637357558794;10.067434360756522;9.285402218862249;10.52552080909507;11.044394119358454;11.349834091457248;10.7515440590891;11.044394119358454;11.088125692188209;10.488844346457336;9.54882190845875;10.188588845707349;10.881878707600446;10.118941072723509;9.78463484555752;10.632086412835182;9.556506054671928;9.556506054671928
12.284824100224624;10.776433032444732;12.04336911395769;11.269711121142782;12.145295334933598;11.64430696154558;11.780129619625306;10.650154213675094;10.553629293916364;11.38316426063511;11.655977862486942;11.947271652460348;11.822172461476178;11.57601187420678;11.724940118462358;11.567480801143043;11.047805554007589;11.801304186049023;11.061371192659813;11.538673953082668;9.659995892429976;11.258566033889933;10.157346935362844;11.636171441635922;11.81177605532666;11.47826403158172;10.233619676759702;11.3292357417338;12.68540583478614;12.11309098344238;11.816183681432342;11.328113894833656;12.026523442519766;11.623881490013458;12.45532722030456;12.122180901259751;11.06204613772049;12.09341756438796;11.545447181678094;12.204265456136843;11.901621158346112;11.111135670234708;12.122180901259751;12.41336348121097;11.222191138456331;10.483815777264256;12.204265456136843;10.544964432789238;12.457124331540804;11.658211482751796;11.73259143596501;11.131535468676343;11.376668061857668;12.03823313473178;11.595257481449035;10.590587049915037;10.743992861060176;11.870364719583405;12.239896822445862;10.802516365121225;11.032734528586714;11.44086916761087;13.035314609824391;11.305491792110685;11.533816389433364;12.081816278109198;11.28828934218097;11.016808287686557;12.225508720236;11.310612781659527;12.77704978843883;12.13827180017222;11.484319423644267;11.084808387804362;11.5980525001616;12.943430560383598;12.53430288245463;11.027214885159834;12.438531977761585;12.902375114486023;10.88340698638837;10.694357887221452;12.377210530388552;11.655977862486942;11.563672959827514;11.505315356136236;11.778077129535358;11.56843119316746;11.693922488081014;11.652396861477678;11.322491537597468;11.433585441150496;12.12573632939501;11.556026992724677;10.689124404913258;11.213711798105672;11.255618749839597;11.96000193206808;12.101319154423276;11.484822894262146;12.011227255423254;11.81257844413538;11.837233700339088;11.194756854422248;12.378294855911893;12.73956967402599;11.580729651598958;12.416533660199583;12.35837648032824;11.293471648838134;11.24436383512051;11.41415667927414;12.368233611380942;11.513727595952435;11.3009244909763;11.522091068887065;11.442425193331609;11.376125389276174
10.290018846932618;9.800899899920305;11.397139806235604;10.074141462752506;11.449148645375436;9.974414589805528;10.162391328756906;9.074141462752506;7.651051691178928;8.59245703726808;9.970105890612182;10.26209484537018;9.23840473932508;10.35424938194524;10.321928094887362;10.425215903299383;9.098032082960527;11.571278618514595;10.456354415108288;11.043027283594547;8.991521846075695;8.79766152585376;9.14974711950468;9.43254190038826;9.951284714966972;9.269126679149418;9.677719641641009;10.044394119358454;10.213104219641906;10.877284133523196;10.337621901992508;10.96650545190574;9.98299357469431;10.646558710154547;11.23661220021575;10.94982671075911;11.828929827651486;10.89026427702111;9.12670447284319;11.578844391558205;10.335390354693924;9.702172685365548;10.94982671075911;11.281350514981035;10.672425341971495;8.761551232444479;11.578844391558205;9.129283016944967;9.312882955284357;9.252665432450248;10.46352437327118;9.732167425663384;9.69522829149575;11.124767535822471;9.689997971419446;9.129283016944967;9.614709844115207;9.837627933171404;11.232420927176076;8.679480099505446;8.262094845370179;9.535275376620802;10.749869427396844;9.577428828035748;9.481799431665753;10.083479327331842;9.278449458220482;9.116343961237469;10.286557761607956;8.707359132080883;10.393390457443989;10.47269083924278;9.533329732305834;10.011227255423254;9.25974326369078;10.772314573921651;10.589651146514786;9.54882190845875;10.371776644337924;10.810571634741146;8.829722735086058;9.5980525001616;10.083479327331842;10.404077136241234;9.266786540694902;9.355351096424812;9.177419537989236;9.577428828035748;9.124121311829189;9.847057346091336;9.45532722030456;9.014020470314934;10.594324603924848;9.34207466799914;8.672425341971495;9.776433032444732;8.247927513443585;9.226412192788786;9.37937836707126;9.564149489985732;9.899356922923111;9.442943495848729;8.823367240046235;9.579315937580017;10.004220466318197;10.4542992936199;9.276124405274238;9.845490050944376;10.30035256032822;9.651051691178928;9.14210705730255;9.519636252843211;10.490850876740298;9.447083226209651;8.997179480937621;8.603626344986193;9.59245703726808;9.674192268145683
13.766735939529964;12.091435386323608;13.547135531830865;12.8107724413447;13.857592285697526;12.841760886800548;13.043539998771736;11.945443836377912;11.99859042974533;12.80715363917749;13.748821794614704;13.654859754207394;12.763004829585975;13.110157018954066;13.35837648032824;13.041316915829444;12.636851156626534;13.305491792110685;13.04524773457825;13.38734422956391;11.806146803320525;12.443720600656578;11.863411958941638;12.761966695382092;12.95746484680521;12.844901876019785;12.2476308762387;12.645883554519004;13.598285174146604;13.047805554007589;13.191676146352428;12.385323176175872;13.691961564216788;13.75143945153796;13.752903267475432;12.619990662606378;13.500592945893834;13.174769673304432;13.15212636534252;14.595956743943162;14.010265837434154;12.6476832678862;12.619990662606378;13.628787262543948;12.894249362864231;12.303209948944776;14.595956743943162;12.58331786813751;13.556146773125834;12.646558710154547;13.337900602860929;12.565578136784328;13.41415667927414;13.681787445175187;13.466458885531264;12.898034475991487;12.33063682472329;12.787698543971324;13.327271936805156;12.578372691360803;11.71037597120447;12.780334708123895;14.12145257392032;13.044223335689608;12.469641817239516;12.587308728333545;12.685843811426082;12.414420981746416;13.289298471903477;12.815983626652724;13.83387836457737;13.687156944138907;12.445014845868425;12.279610581052484;12.933137368256713;13.769217996126503;13.761031735466885;12.43280285635187;13.993646060016596;13.788616386250752;12.566054038171092;12.482303782323182;13.409523530691436;13.18750672775828;12.488342277532524;12.328674927327947;12.894059846274022;12.47192918764169;12.544240006441658;13.16867211813223;12.796242448203165;12.549303368513575;14.218638910613478;12.591522346570734;12.868629668212655;12.396069557639867;12.246740598493144;12.8107724413447;12.863411958941638;12.314583244274194;13.513850940118791;12.859534786382651;12.6142497276894;12.872867226786576;13.5980525001616;13.714782134760236;12.646558710154547;13.297346198946718;13.290882822429577;13.637077657143664;12.36468185586456;12.414420981746416;14.15718901351485;12.37531099747307;12.165535141377925;12.52258153125483;12.821176056269854;12.206403913973848
11.77066389291676;10.433585441150496;12.17367713630342;11.531381460516313;13.338457843130849;11.826151214800207;10.802516365121225;11.635264656539514;10.469641817239516;11.91214085629572;12.306061689428342;12.042001306279133;12.423641195075856;11.85914649542596;12.511258495502268;11.743572188935634;9.43879185257826;13.552549028017228;11.43149760425805;12.25591374933779;9.712527000439824;11.825753832883112;10.849405100947758;10.689997971419446;9.306061689428342;11.29920801838728;10.506803437795648;11.018200178813226;13.702930204438289;10.914385132155443;12.027560482248775;8.689997971419446;12.543756853375896;13.109504215757006;12.913824390408063;11.52845411076479;14.02288792180326;11.410451351503994;11.526499239136566;11.537218400538595;12.340128273700588;11.45994384837493;11.52845411076479;12.780334708123895;13.177108041703692;11.027214885159834;11.537218400538595;10.894817763307945;11.692179576312538;10.76487159073609;11.948732239819616;11.754261196514;11.556026992724677;12.220378327695228;12.28424574982967;11.001408194392807;11.757806672197228;11.866506212226202;12.65127597334664;11.705632387361415;10.732167425663384;12.157978449945432;13.431367014075487;12.196602126523173;12.054265139625764;12.049508251055096;12.149429590056744;11.818582177480858;13.062383491876334;11.967586527296072;13.279465491793964;13.161604304002845;11.1331422124006;11.585901449690772;12.155134454857755;13.727707777472686;13.35024859944484;10.860311054919482;13.059851410770802;13.692942359312008;11.767770648776704;10.98370619265935;12.940313597145968;11.859534786382651;11.82097669262124;12.009478745888066;12.501588422932391;12.085472459181284;12.323054760341646;12.199365616857982;11.812979471251484;12.004571615167656;12.959277505720502;12.313166475977198;11.50084187955693;12.189824558880018;11.909518114296617;12.159556028058768;12.344295907915816;12.202429966015352;12.502334580197996;12.548340287676147;12.172114932533136;12.000704269011246;12.641825972041826;13.33525076831281;12.279610581052484;13.106562940444883;13.101483311565277;12.199365616857982;12.03857610276879;12.013671614058635;13.115531404166768;12.076815597050832;11.977279923499916;11.971902746045467;12.188588845707349;12.185185166820329
9.73978060977326;6.954196310386875;8.405141463136344;6.9886846867721655;8.189824558880018;8.262094845370179;6.94251450533924;8.087462841250339;7.734709620225838;7.592457037268081;8.243173983472952;7.330916878114617;8.005624549193879;7.820178962415188;9.152284842306582;7.434628227636725;8.03342300153745;9.571752643503546;8.092757140919852;8.734709620225837;7.451211111832329;7.707359132080882;6.870364719583405;7.257387842692652;7.727920454563199;7.434628227636725;6.22881869049588;5.459431618637297;9.066089190457772;6.066089190457772;9.167418145831736;7.707359132080882;7.169925001442312;8.988684686772165;7.118941072723508;8.149747119504681;8.754887502163468;8.29920801838728;8.238404739325079;8.839203788096944;9.055282435501187;7.686500527183218;8.149747119504681;10.665335917185176;8.154818109052105;7.285402218862249;8.839203788096944;6.870364719583405;7.761551232444479;7.643856189774724;8.144658242831882;7.071462362556624;7.266786540694901;6.643856189774724;7.727920454563199;6.20945336562895;6.409390936137702;9.134426320220928;9.118941072723509;7.22881869049588;6.392317422778761;6.794415866350106;8.199672344836364;7.693486957499325;7.044394119358453;7.546894459887636;7.614709844115208;7.199672344836364;7.189824558880018;7.499845887083206;8.214319120800766;8.375039431346925;6.857980995127572;7.383704292474052;7.451211111832329;8.467605550082997;8.087462841250339;7.303780748177103;8.247927513443585;8.76487159073609;7.400879436282184;6.930737337562887;7.807354922057604;7.276124405274237;7.129283016944966;7.546894459887636;7.417852514885898;7.276124405274237;7.066089190457772;8.224001674198105;6.882643049361842;6.6865005271832185;8.357552004618084;6.94251450533924;7.199672344836364;7.066089190457772;7.022367813028454;7.20945336562895;7.321928094887363;7.257387842692652;7.882643049361842;6.7414669864011465;7.475733430966398;7.357552004618084;8.409390936137703;7.948367231584678;6.965784284662087;7.761551232444479;7.727920454563199;7.761551232444479;7.011227255423254;7.118941072723508;8.060695931687555;6.794415866350106;6.857980995127572;7.189824558880018;7.321928094887363;6.894817763307944
7.832890014164741;9.036173612553483;10.473705749619416;10.667998535672528;9.544964432789238;10.167418145831736;10.793603309279408;8.994353436858859;9.541096615349524;10.145932145820517;10.719388820942084;11.653740778706569;10.595257481449035;9.622051819456376;11.391243589427445;10.644757592516257;7.199672344836364;10.266786540694902;9.67065624911844;10.562242424221072;9.038918989292302;10.892542816648552;8.252665432450248;11.379919817646538;9.627533884472792;9.5980525001616;10.10459875356437;11.697402007502708;10.880348808156027;10.24555270625568;9.733015321685963;10.287712379549449;11.75112558336727;10.764042217306589;10.835260918627489;10.344295907915816;9.224001674198105;8.974414589805527;10.617467465294196;11.607792641919213;10.485829308701904;10.411510988012072;10.344295907915816;11.023061249735337;9.729620743553038;9.079484783826816;11.607792641919213;10.368506461507693;11.610102062999664;11.137631598235428;10.987974524296153;9.499845887083206;10.977995368612962;9.893301530860564;11.032045726930807;9.172427508645482;8.991521846075695;8.92184093707449;8.721099188707186;10.041659151637214;9.786269627648466;10.407267764244732;11.98477446004684;10.3151495622563;9.980139577639155;10.58777751632821;10.482807956726669;9.805743872151618;10.897089128312755;10.345405246717796;11.278449458220482;10.543031820255235;9.731319031025064;9.477758266443889;9.94251450533924;11.957102041562289;11.12605911607068;9.7632123668144;11.451211111832327;11.59898297103609;9.533329732305834;9.147204924942228;11.06339508128851;10.12023787734196;10.560332834212442;9.936637939002573;10.368506461507693;10.471675214392045;9.988684686772164;10.30720080914081;9.791162888555018;10.26209484537018;11.274378153246364;10.12023787734196;9.59618975614441;9.519636252843211;9.945443836377912;10.624795455860236;10.7714894695006;9.868822554775;12.036173612553483;10.788718332690458;10.545929769085468;10.546894459887636;11.477758266443889;11.349834091457248;10.303780748177102;10.907641803665529;11.042343379793692;11.094737505048093;10.226412192788786;10.074141462752506;11.198445041452365;10.122827994807666;9.879583249612784;10.646558710154547;10.330916878114618;9.489847960439295
11.557463701597824;11.185494924210866;11.433585441150496;11.310612781659527;11.7858611057596;11.643856189774723;11.544481522310791;10.002815015607052;10.096715154488535;10.715961990255144;11.397674632948268;11.389093521904474;11.254438148267257;11.65687172561398;11.603162679534382;11.040974598817304;10.569855608330949;12.01297364837454;10.932214751968385;12.582141981658776;10.698704666770343;10.88264304936184;11.227014193649133;11.190442018782823;11.285980105928212;11.179909090014934;9.859534786382651;10.181152256865566;13.014543596581944;11.643405277115674;12.409390936137704;11.41679752760606;11.539158811108033;12.480790201095816;11.79197682089869;11.909893083770042;11.72451385311995;11.101975670949232;10.78053976747196;12.171176797651771;12.02167404285837;11.21006248324023;11.909893083770042;12.400612641082;11.599912842187129;10.787902559391432;12.171176797651771;9.839203788096944;11.394998514501673;10.599912842187129;11.113742166049189;10.72451385311995;10.855647166027266;12.77313920671969;11.46352437327118;10.187352073200495;10.719388820942084;12.114067647165264;11.859922972861758;10.1357092861044;9.714245517666123;10.34207466799914;11.671098725748465;10.519636252843211;10.437752072323605;10.61194694181998;10.606405212697783;10.253847484987404;11.473198383677529;10.200898605038445;11.778898476008376;11.711236767793784;10.651051691178928;10.827342704234116;10.72451385311995;12.03857610276879;11.510764167917891;10.177419537989236;11.714674827308002;12.189515729800194;10.225207436943505;10.346513733165636;11.353146825498085;11.037546953962178;10.43879185257826;10.594324603924848;10.687375683437468;10.676838606474153;10.595257481449035;10.700439718141093;10.353146825498085;10.31741261376487;11.561287945164828;10.372865060112588;9.946906274456396;10.478769619475765;10.352043425795433;10.639340708652233;11.066089190457772;10.89178370321831;11.107870914279614;10.696098170955864;10.467605550082997;10.565102078360312;11.441388029346689;11.60408986146918;10.675074920385445;11.417852514885896;11.347621368568134;10.64565843240871;10.543031820255235;10.483815777264256;11.200898605038445;10.870364719583405;10.635718120331047;10.611024797307351;10.657318449581288;10.722807531169549
12.886649213371976;12.047123912114026;12.421012855779226;11.25502856981873;13.506803437795648;11.643405277115674;13.195526004646196;10.675074920385445;11.4797802640291;11.452756029032496;11.495355392235982;11.91513244895065;12.376939321619846;11.858758099935422;11.89026427702111;11.41256984680521;11.618844301766652;12.245255580306557;11.859534786382651;13.493855449240822;12.136350341454156;11.452756029032496;10.940313597145968;11.669328004395904;11.282509306240836;12.639566818681828;11.850577547205614;11.850186837645774;12.144658242831882;11.71639078949768;11.681677655209691;12.537218400538595;11.77272694923985;11.614709844115207;11.429929741353272;12.810571634741146;11.905387005018133;11.184255495405347;11.791162888555018;12.940313597145968;12.480285320936373;10.375039431346924;12.810571634741146;12.070120944476823;11.443461612227392;10.946906274456396;12.940313597145968;10.88340698638837;11.805743872151618;11.13699111208023;11.530893981193922;11.475226777742266;12.41732511767992;13.305634287546711;11.29748950116098;11.016808287686557;10.806549621985962;11.386940245324311;12.518898992777316;10.663558104217271;10.838416075797335;10.705632387361415;12.356176830516356;11.162391328756906;11.395534135462302;12.293471648838134;10.840777923595054;10.709945380232496;11.292896755409172;10.834471049984222;11.800495500466813;11.947271652460348;11.878050912728536;11.43149760425805;10.902375114486023;12.065079488999862;11.981567281903017;11.250298417906333;11.92072501975118;12.107544031975989;10.747353829478062;11.394998514501673;11.535761377986656;12.057314877782703;11.521600439723729;11.018895621121649;11.21006248324023;11.108524456778168;10.916625922211235;11.068778277985412;10.703903573444665;10.838416075797335;12.401412878714178;11.246146774635864;11.64250302878052;10.519636252843211;10.696098170955864;11.841957399099549;11.71681946132995;10.881878707600446;11.281350514981035;11.208843990734614;11.352595231134304;10.535275376620802;11.813781191217036;11.93110683302934;10.901621158346112;11.31174831500496;11.386940245324311;11.007027266893967;10.76983784362944;10.940313597145968;12.173364830849035;10.859534786382651;10.27029532647204;11.070120944476823;11.177419537989236;11.252665432450248
8.055282435501189;10.7279204545632;11.493355121494906;10.556506054671928;10.73640193131829;10.28886607416582;10.584962500721156;10.052568050804153;10.693486957499324;11.10000522442272;11.180530807344482;12.080817527608328;12.2659080092311;9.005624549193879;11.96000193206808;11.719388820942084;12.030667136246942;10.881113960675096;11.7515440590891;11.800090987624994;9.03342300153745;11.71853287606922;10.23840473932508;11.532842910961282;10.224001674198105;10.555547771647063;9.084808387804362;9.828136484194108;11.316847183602473;11.029287226968243;9.961449694398196;8.845490050944376;11.645208082774683;12.178664851006472;11.813380386924727;9.746514321138465;11.260919533662904;9.851749041416058;11.450695771572915;11.453785055496157;11.723234300893376;11.570330101030798;9.746514321138465;11.782998208920414;10.776433032444732;11.03960451795376;11.453785055496157;10.44604940671655;12.528698283574188;11.515207030408751;11.693486957499324;11.080484457067568;11.597121428789569;9.9901039638575;11.226412192788786;11.124767535822471;10.015415052386688;12.508537595347322;11.004922678569043;10.94104760634058;10.583082767502932;11.371776644337924;12.289730740083757;11.725792271494155;11.239001757765582;11.59898297103609;11.023061249735337;10.41679752760606;11.81658370778757;11.172427508645482;12.45763738099176;12.390975006155534;10.509775004326936;10.839991070539886;11.590587049915037;12.080817527608328;11.952741247186488;10.447083226209651;12.350110443347928;12.17617314910749;10.960725994839056;10.356451970221755;11.804131021183318;11.21856323619027;11.487840033823051;10.473705749619416;11.506307581100309;11.292896755409172;11.533816389433364;10.935165049603697;10.757390009366638;11.321928094887362;12.588246152044816;10.807354922057604;10.644757592516257;11.057314877782703;11.35149140932002;12.18766136573912;11.807354922057604;11.086799685623452;12.261801107195309;11.605479518061667;10.801708358916462;11.41732511767992;12.188588845707349;12.398743691938192;11.55170826162069;11.960725994839056;11.862249900851513;11.642051692927977;10.836839359748716;11.139551352398794;12.079818085212354;10.89633240390994;10.83368074865474;11.222794902868111;11.436190995481416;10.79197682089869
